0 0
0 0
0.353553 0.353063
0.707107 0.705147
1.06066 1.05625
1.41421 1.40637
1.76777 1.75552
2.12132 2.10368
2.47487 2.45086
2.82843 2.79707
3.18198 3.14229
3.53553 3.48653
3.88909 3.8298
4.24264 4.17208
4.59619 4.51338
4.94975 4.85371
5.3033 5.19305
5.65685 5.53141
6.01041 5.8688
6.36396 6.2052
6.71751 6.54062
7.07107 6.87507
7.42462 7.20853
7.77817 7.54101
8.13173 7.87252
8.48528 8.20304
8.83883 8.53258
9.19239 8.86115
9.54594 9.18873
9.89949 9.51533
10.253 9.84096
10.6066 10.1656
10.9602 10.4893
11.3137 10.8119
11.6673 11.1337
12.0208 11.4544
12.3744 11.7741
12.7279 12.0929
13.0815 12.4107
13.435 12.7275
13.7886 13.0433
14.1421 13.3581
14.4957 13.672
14.8492 13.9849
15.2028 14.2968
15.5563 14.6077
15.9099 14.9177
16.2635 15.2266
16.617 15.5346
16.9706 15.8416
17.3241 16.1476
17.6777 16.4527
18.0312 16.7567
18.3848 17.0598
18.7383 17.3619
19.0919 17.663
19.4454 17.9632
19.799 18.2623
20.1525 18.5605
20.5061 18.8577
20.8597 19.154
21.2132 19.4492
21.5668 19.7435
21.9203 20.0368
22.2739 20.3291
22.6274 20.6204
22.981 20.9107
23.3345 21.2001
23.6881 21.4885
24.0416 21.7759
24.3952 22.0623
24.7487 22.3477
25.1023 22.6322
25.4558 22.9157
25.8094 23.1982
26.163 23.4797
26.5165 23.7603
26.8701 24.0398
27.2236 24.3184
27.5772 24.596
27.9307 24.8726
28.2843 25.1483
28.6378 25.4229
28.9914 25.6966
29.3449 25.9693
29.6985 26.241
30.052 26.5118
30.4056 26.7816
30.7591 27.0503
31.1127 27.3181
31.4663 27.585
31.8198 27.8508
32.1734 28.1157
32.5269 28.3796
32.8805 28.6425
33.234 28.9044
33.5876 29.1653
33.9411 29.4253
34.2947 29.6843
34.6482 29.9423
35.0018 30.1993
35.3553 30.4553
35.7089 30.7104
36.0624 30.9645
36.416 31.2176
36.7696 31.4697
37.1231 31.7209
37.4767 31.971
37.8302 32.2202
38.1838 32.4684
38.5373 32.7156
38.8909 32.9619
39.2444 33.2071
39.598 33.4514
39.9515 33.6947
40.3051 33.937
40.6586 34.1784
41.0122 34.4188
41.3657 34.6581
41.7193 34.8965
42.0729 35.134
42.4264 35.3704
42.78 35.6059
43.1335 35.8404
43.4871 36.0739
43.8406 36.3064
44.1942 36.5379
44.5477 36.7685
44.9013 36.9981
45.2548 37.2267
45.6084 37.4543
45.9619 37.6809
46.3155 37.9066
46.669 38.1313
47.0226 38.355
47.3762 38.5777
47.7297 38.7995
48.0833 39.0202
48.4368 39.24
48.7904 39.4588
49.1439 39.6766
49.4975 39.8935
49.851 40.1093
50.2046 40.3242
50.5581 40.5381
50.9117 40.751
51.2652 40.963
51.6188 41.174
51.9723 41.3839
52.3259 41.5929
52.6795 41.801
53.033 42.008
53.3866 42.2141
53.7401 42.4192
54.0937 42.6233
54.4472 42.8264
54.8008 43.0285
55.1543 43.2297
55.5079 43.4299
55.8614 43.6291
56.215 43.8273
56.5685 44.0245
56.9221 44.2208
57.2756 44.4161
57.6292 44.6104
57.9828 44.8037
58.3363 44.9961
58.6899 45.1874
59.0434 45.3778
59.397 45.5672
59.7505 45.7556
60.1041 45.9431
60.4576 46.1295
60.8112 46.315
61.1647 46.4995
61.5183 46.683
61.8718 46.8656
62.2254 47.0472
62.579 47.2277
62.9325 47.4073
63.2861 47.586
63.6396 47.7636
63.9932 47.9403
64.3467 48.116
64.7003 48.2907
65.0538 48.4644
65.4074 48.6371
65.7609 48.8089
66.1145 48.9797
66.468 49.1495
66.8216 49.3183
67.1751 49.4861
67.5287 49.653
67.8823 49.8189
68.2358 49.9838
68.5894 50.1477
68.9429 50.3107
69.2965 50.4726
69.65 50.6336
70.0036 50.7936
70.3571 50.9526
70.7107 51.1107
71.0642 51.2677
71.4178 51.4238
71.7713 51.5789
72.1249 51.7331
72.4784 51.8862
72.832 52.0384
73.1856 52.1895
73.5391 52.3397
73.8927 52.489
74.2462 52.6372
74.5998 52.7845
74.9533 52.9308
75.3069 53.0761
75.6604 53.2204
76.014 53.3637
76.3675 53.5061
76.7211 53.6475
77.0746 53.7879
77.4282 53.9273
77.7817 54.0657
78.1353 54.2032
78.4889 54.3397
78.8424 54.4752
79.196 54.6097
79.5495 54.7433
79.9031 54.8758
80.2566 55.0074
80.6102 55.138
80.9637 55.2676
81.3173 55.3963
81.6708 55.5239
82.0244 55.6506
82.3779 55.7763
82.7315 55.9011
83.085 56.0248
83.4386 56.1476
83.7922 56.2693
84.1457 56.3901
84.4993 56.51
84.8528 56.6288
85.2064 56.7467
85.5599 56.8636
85.9135 56.9795
86.267 57.0944
86.6206 57.2083
86.9741 57.3213
87.3277 57.4333
87.6812 57.5443
88.0348 57.6543
88.3883 57.7633
88.7419 57.8714
89.0955 57.9785
89.449 58.0846
89.8026 58.1897
90.1561 58.2939
90.5097 58.397
90.8632 58.4992
91.2168 58.6004
91.5703 58.7006
91.9239 58.7999
92.2774 58.8981
92.631 58.9954
92.9845 59.0917
93.3381 59.1871
93.6916 59.2814
94.0452 59.3748
94.3988 59.4671
94.7523 59.5585
95.1059 59.649
95.4594 59.7384
95.813 59.8269
96.1665 59.9144
96.5201 60.0009
96.8736 60.0864
97.2272 60.1709
97.5807 60.2545
97.9343 60.3371
98.2878 60.4187
98.6414 60.4993
98.9949 60.5789
99.3485 60.6576
99.7021 60.7353
100.056 60.812
100.409 60.8877
100.763 60.9625
101.116 61.0362
101.47 61.109
101.823 61.1808
102.177 61.2516
102.53 61.3215
102.884 61.3903
103.238 61.4582
103.591 61.5251
103.945 61.5911
104.298 61.656
104.652 61.72
105.005 61.7829
105.359 61.845
105.712 61.906
106.066 61.966
106.42 62.0251
106.773 62.0832
107.127 62.1403
107.48 62.1964
107.834 62.2515
108.187 62.3057
108.541 62.3589
108.894 62.4111
109.248 62.4623
109.602 62.5126
109.955 62.5618
110.309 62.6101
110.662 62.6574
111.016 62.7037
111.369 62.7491
111.723 62.7934
112.076 62.8368
112.43 62.8792
112.784 62.9206
113.137 62.9611
113.491 63.0005
113.844 63.039
114.198 63.0765
114.551 63.1131
114.905 63.1486
115.258 63.1832
115.612 63.2167
115.966 63.2494
116.319 63.281
116.673 63.3116
117.026 63.3413
117.38 63.37
117.733 63.3977
118.087 63.4244
118.44 63.4501
118.794 63.4749
119.147 63.4987
119.501 63.5215
119.855 63.5433
120.208 63.5642
120.562 63.584
120.915 63.6029
121.269 63.6208
121.622 63.6377
121.976 63.6537
122.329 63.6686
122.683 63.6826
123.037 63.6956
123.39 63.7076
123.744 63.7187
124.097 63.7288
124.451 63.7378
124.804 63.7459
125.158 63.7531
125.511 63.7592
125.865 63.7644
126.219 63.7686
126.572 63.7718
126.926 63.774
127.279 63.7752
127.633 63.7755
127.986 63.7748
128.34 63.7731
128.693 63.7704
129.047 63.7667
129.401 63.7621
129.754 63.7565
130.108 63.7499
130.461 63.7423
130.815 63.7338
131.168 63.7242
131.522 63.7137
131.875 63.7022
132.229 63.6897
132.583 63.6763
132.936 63.6618
133.29 63.6464
133.643 63.63
133.997 63.6126
134.35 63.5943
134.704 63.575
135.057 63.5546
135.411 63.5333
135.765 63.5111
136.118 63.4878
136.472 63.4636
136.825 63.4384
137.179 63.4122
137.532 63.385
137.886 63.3568
138.239 63.3277
138.593 63.2976
138.946 63.2665
139.3 63.2344
139.654 63.2013
140.007 63.1673
140.361 63.1323
140.714 63.0963
141.068 63.0593
141.421 63.0214
141.775 62.9824
142.128 62.9425
142.482 62.9016
142.836 62.8597
143.189 62.8169
143.543 62.773
143.896 62.7282
144.25 62.6824
144.603 62.6356
144.957 62.5879
145.31 62.5392
145.664 62.4894
146.018 62.4387
146.371 62.3871
146.725 62.3344
147.078 62.2808
147.432 62.2262
147.785 62.1706
148.139 62.114
148.492 62.0564
148.846 61.9979
149.2 61.9384
149.553 61.8779
149.907 61.8164
150.26 61.7539
150.614 61.6905
150.967 61.6261
151.321 61.5607
151.674 61.4943
152.028 61.427
152.382 61.3586
152.735 61.2893
153.089 61.219
153.442 61.1477
153.796 61.0755
154.149 61.0022
154.503 60.928
154.856 60.8528
155.21 60.7766
155.563 60.6995
155.917 60.6214
156.271 60.5422
156.624 60.4621
156.978 60.3811
157.331 60.299
157.685 60.216
158.038 60.132
158.392 60.047
158.745 59.961
159.099 59.874
159.453 59.7861
159.806 59.6972
160.16 59.6073
160.513 59.5164
160.867 59.4245
161.22 59.3317
161.574 59.2379
161.927 59.1431
162.281 59.0473
162.635 58.9506
162.988 58.8528
163.342 58.7541
163.695 58.6544
164.049 58.5537
164.402 58.4521
164.756 58.3494
165.109 58.2458
165.463 58.1412
165.817 58.0357
166.17 57.9291
166.524 57.8216
166.877 57.713
167.231 57.6035
167.584 57.4931
167.938 57.3816
168.291 57.2692
168.645 57.1558
168.999 57.0414
169.352 56.926
169.706 56.8096
170.059 56.6923
170.413 56.574
170.766 56.4547
171.12 56.3344
171.473 56.2131
171.827 56.0909
172.181 55.9677
172.534 55.8435
172.888 55.7183
173.241 55.5922
173.595 55.465
173.948 55.3369
174.302 55.2078
174.655 55.0777
175.009 54.9467
175.362 54.8146
175.716 54.6816
176.07 54.5476
176.423 54.4127
176.777 54.2767
177.13 54.1398
177.484 54.0018
177.837 53.8629
178.191 53.7231
178.544 53.5822
178.898 53.4404
179.252 53.2976
179.605 53.1538
179.959 53.009
180.312 52.8632
180.666 52.7165
181.019 52.5688
181.373 52.4201
181.726 52.2704
182.08 52.1197
182.434 51.9681
182.787 51.8155
183.141 51.6619
183.494 51.5073
183.848 51.3518
184.201 51.1952
184.555 51.0377
184.908 50.8792
185.262 50.7197
185.616 50.5593
185.969 50.3978
186.323 50.2354
186.676 50.072
187.03 49.9077
187.383 49.7423
187.737 49.576
188.09 49.4086
188.444 49.2403
188.798 49.0711
189.151 48.9008
189.505 48.7296
189.858 48.5574
190.212 48.3842
190.565 48.21
190.919 48.0348
191.272 47.8587
191.626 47.6816
191.979 47.5035
192.333 47.3244
192.687 47.1443
193.04 46.9633
193.394 46.7813
193.747 46.5983
194.101 46.4143
194.454 46.2294
194.808 46.0434
195.161 45.8565
195.515 45.6686
195.869 45.4797
196.222 45.2899
196.576 45.099
196.929 44.9072
197.283 44.7144
197.636 44.5207
197.99 44.3259
198.343 44.1302
198.697 43.9334
199.051 43.7357
199.404 43.5371
199.758 43.3374
200.111 43.1368
200.465 42.9352
200.818 42.7326
201.172 42.529
201.525 42.3244
201.879 42.1189
202.233 41.9124
202.586 41.7049
202.94 41.4964
203.293 41.2869
203.647 41.0765
204 40.8651
204.354 40.6527
204.707 40.4393
205.061 40.225
205.415 40.0096
205.768 39.7933
206.122 39.576
206.475 39.3577
206.829 39.1385
207.182 38.9182
207.536 38.697
207.889 38.4748
208.243 38.2517
208.597 38.0275
208.95 37.8024
209.304 37.5762
209.657 37.3492
210.011 37.1211
210.364 36.892
210.718 36.662
211.071 36.431
211.425 36.199
211.778 35.966
212.132 35.732
212.486 35.4971
212.839 35.2612
213.193 35.0243
213.546 34.7864
213.9 34.5476
214.253 34.3077
214.607 34.0669
214.96 33.8251
215.314 33.5823
215.668 33.3386
216.021 33.0938
216.375 32.8481
216.728 32.6014
217.082 32.3537
217.435 32.1051
217.789 31.8554
218.142 31.6048
218.496 31.3532
218.85 31.1007
219.203 30.8471
219.557 30.5926
219.91 30.337
220.264 30.0806
220.617 29.8231
220.971 29.5646
221.324 29.3052
221.678 29.0448
222.032 28.7834
222.385 28.521
222.739 28.2576
223.092 27.9933
223.446 27.728
223.799 27.4617
224.153 27.1944
224.506 26.9262
224.86 26.6569
225.214 26.3867
225.567 26.1155
225.921 25.8433
226.274 25.5702
226.628 25.296
226.981 25.0209
227.335 24.7448
227.688 24.4677
228.042 24.1897
228.395 23.9107
228.749 23.6306
229.103 23.3496
229.456 23.0677
229.81 22.7847
230.163 22.5008
230.517 22.2159
230.87 21.93
231.224 21.6431
231.577 21.3552
231.931 21.0664
232.285 20.7766
232.638 20.4858
232.992 20.194
233.345 19.9012
233.699 19.6075
234.052 19.3128
234.406 19.0171
234.759 18.7204
235.113 18.4228
235.467 18.1241
235.82 17.8245
236.174 17.5239
236.527 17.2223
236.881 16.9198
237.234 16.6162
237.588 16.3117
237.941 16.0062
238.295 15.6997
238.649 15.3923
239.002 15.0839
239.356 14.7744
239.709 14.464
240.063 14.1527
240.416 13.8403
240.77 13.527
241.123 13.2127
241.477 12.8974
241.831 12.5811
242.184 12.2638
242.538 11.9456
242.891 11.6264
243.245 11.3062
243.598 10.985
243.952 10.6628
244.305 10.3397
244.659 10.0156
245.012 9.69049
245.366 9.36441
245.72 9.03736
246.073 8.70932
246.427 8.3803
246.78 8.05031
247.134 7.71933
247.487 7.38737
247.841 7.05444
248.194 6.72052
248.548 6.38562
248.902 6.04975
249.255 5.71289
249.609 5.37505
249.962 5.03624
250.316 4.69644
250.669 4.35566
251.023 4.01391
251.376 3.67117
251.73 3.32745
252.084 2.98276
252.437 2.63708
252.791 2.29042
253.144 1.94279
253.498 1.59417
253.851 1.24457
254.205 0.893998
254.558 0.542441
254.912 0.189905
255.266 -0.163612
