0 0
0.0289877 0.0289828
0.0579681 0.0579485
0.0869412 0.0868971
0.115907 0.115829
0.144865 0.144743
0.173816 0.17364
0.20276 0.20252
0.231697 0.231383
0.260626 0.260229
0.289548 0.289058
0.318463 0.31787
0.34737 0.346665
0.37627 0.375443
0.405163 0.404203
0.434048 0.432947
0.462927 0.461674
0.491798 0.490383
0.520661 0.519076
0.549518 0.547752
0.578367 0.57641
0.607209 0.605052
0.636044 0.633677
0.664872 0.662284
0.693692 0.690875
0.722505 0.719449
0.751311 0.748006
0.78011 0.776545
0.808901 0.805068
0.837686 0.833574
0.866463 0.862063
0.895233 0.890536
0.923996 0.918991
0.952751 0.947429
0.9815 0.975851
1.01024 1.00426
1.03898 1.03264
1.0677 1.06101
1.09642 1.08937
1.12513 1.1177
1.15384 1.14603
1.18254 1.17433
1.21123 1.20261
1.23991 1.23088
1.26859 1.25914
1.29726 1.28737
1.32592 1.31559
1.35458 1.3438
1.38323 1.37198
1.41187 1.40015
1.4405 1.4283
1.46913 1.45644
1.49775 1.48456
1.52636 1.51266
1.55497 1.54074
1.58357 1.56881
1.61216 1.59686
1.64074 1.6249
1.66932 1.65292
1.69789 1.68092
1.72646 1.7089
1.75501 1.73687
1.78356 1.76482
1.81211 1.79276
1.84064 1.82067
1.86917 1.84858
1.89769 1.87646
1.9262 1.90433
1.95471 1.93218
1.98321 1.96001
2.01171 1.98783
2.04019 2.01563
2.06867 2.04342
2.09714 2.07119
2.12561 2.09894
2.15407 2.12667
2.18252 2.15439
2.21096 2.18209
2.2394 2.20978
2.26783 2.23745
2.29626 2.2651
2.32467 2.29273
2.35308 2.32035
2.38148 2.34796
2.40988 2.37554
2.43827 2.40311
2.46665 2.43066
2.49503 2.4582
2.52339 2.48572
2.55176 2.51322
2.58011 2.54071
2.60846 2.56818
2.6368 2.59563
2.66513 2.62307
2.69346 2.65049
2.72178 2.6779
2.75009 2.70528
2.7784 2.73265
2.8067 2.76001
2.83499 2.78735
2.86327 2.81467
2.89155 2.84198
2.91982 2.86926
2.94809 2.89654
2.97635 2.92379
3.0046 2.95103
3.03284 2.97826
3.06108 3.00546
3.08931 3.03266
3.11753 3.05983
3.14575 3.08699
3.17396 3.11413
3.20217 3.14126
3.23036 3.16836
3.25855 3.19546
3.28673 3.22253
3.31491 3.24959
3.34308 3.27664
3.37124 3.30366
3.3994 3.33068
3.42755 3.35767
3.45569 3.38465
3.48383 3.41161
3.51195 3.43856
3.54008 3.46549
3.56819 3.4924
3.5963 3.5193
3.6244 3.54618
3.6525 3.57304
3.68059 3.59989
3.70867 3.62672
3.73674 3.65354
3.76481 3.68034
3.79287 3.70712
3.82093 3.73389
3.84897 3.76064
3.87702 3.78738
3.90505 3.81409
3.93308 3.8408
3.9611 3.86748
3.98911 3.89415
4.01712 3.92081
4.04512 3.94745
4.07312 3.97407
4.10111 4.00067
4.12909 4.02726
4.15706 4.05384
4.18503 4.08039
4.21299 4.10693
4.24094 4.13346
4.26889 4.15997
4.29683 4.18646
4.32477 4.21294
4.3527 4.2394
4.38062 4.26584
4.40853 4.29227
4.43644 4.31868
4.46434 4.34508
4.49224 4.37146
4.52013 4.39782
4.54801 4.42417
4.57588 4.45051
4.60375 4.47682
4.63161 4.50312
4.65947 4.52941
4.68732 4.55567
4.71516 4.58193
4.743 4.60816
4.77082 4.63438
4.79865 4.66059
4.82646 4.68677
4.85427 4.71295
4.88207 4.7391
4.90987 4.76524
4.93766 4.79137
4.96544 4.81748
4.99322 4.84357
5.02099 4.86964
5.04875 4.89571
5.07651 4.92175
5.10426 4.94778
5.13201 4.97379
5.15974 4.99979
5.18748 5.02577
5.2152 5.05173
5.24292 5.07768
5.27063 5.10362
5.29834 5.12954
5.32603 5.15544
5.35373 5.18132
5.38141 5.20719
5.40909 5.23305
5.43676 5.25889
5.46443 5.28471
5.49209 5.31051
5.51974 5.33631
5.54739 5.36208
5.57503 5.38784
5.60266 5.41358
5.63029 5.43931
5.65791 5.46502
5.68553 5.49072
5.71314 5.5164
5.74074 5.54206
5.76833 5.56771
5.79592 5.59334
5.82351 5.61896
5.85108 5.64456
5.87865 5.67015
5.90622 5.69572
5.93377 5.72127
5.96132 5.74681
5.98887 5.77233
6.01641 5.79784
6.04394 5.82333
6.07146 5.84881
6.09898 5.87427
6.1265 5.89971
6.154 5.92514
6.1815 5.95056
6.20899 5.97595
6.23648 6.00133
6.26396 6.0267
6.29144 6.05205
6.31891 6.07739
6.34637 6.1027
6.37382 6.12801
6.40127 6.1533
6.42871 6.17857
6.45615 6.20382
6.48358 6.22907
6.51101 6.25429
6.53842 6.2795
6.56583 6.3047
6.59324 6.32987
6.62064 6.35504
6.64803 6.38018
6.67542 6.40532
6.7028 6.43043
6.73017 6.45553
6.75754 6.48062
6.7849 6.50569
6.81225 6.53074
6.8396 6.55578
6.86694 6.5808
6.89428 6.60581
6.92161 6.6308
6.94893 6.65578
6.97625 6.68074
7.00356 6.70569
7.03087 6.73062
7.05817 6.75553
7.08546 6.78043
7.11274 6.80532
7.14002 6.83018
7.1673 6.85504
7.19457 6.87987
7.22183 6.9047
7.24908 6.9295
7.27633 6.95429
7.30357 6.97907
7.33081 7.00383
7.35804 7.02857
7.38527 7.0533
7.41248 7.07802
7.4397 7.10272
7.4669 7.1274
7.4941 7.15207
7.5213 7.17672
7.54848 7.20136
7.57566 7.22598
7.60284 7.25058
7.63001 7.27517
7.65717 7.29975
7.68433 7.32431
7.71148 7.34885
7.73862 7.37338
7.76576 7.3979
7.79289 7.4224
7.82002 7.44688
7.84714 7.47135
7.87425 7.4958
7.90136 7.52024
7.92846 7.54466
7.95556 7.56907
7.98265 7.59346
8.00973 7.61784
8.03681 7.6422
8.06388 7.66654
8.09094 7.69087
8.118 7.71519
8.14506 7.73949
8.1721 7.76377
8.19914 7.78804
8.22618 7.8123
8.25321 7.83654
8.28023 7.86076
8.30725 7.88497
8.33426 7.90916
8.36126 7.93334
8.38826 7.95751
8.41525 7.98165
8.44224 8.00579
8.46922 8.0299
8.49619 8.05401
8.52316 8.07809
8.55012 8.10216
8.57708 8.12622
8.60403 8.15026
8.63098 8.17429
8.65791 8.1983
8.68485 8.2223
8.71177 8.24628
8.73869 8.27024
8.76561 8.2942
8.79252 8.31813
8.81942 8.34205
8.84632 8.36596
8.87321 8.38985
8.90009 8.41372
8.92697 8.43758
8.95384 8.46143
8.98071 8.48526
9.00757 8.50907
9.03442 8.53287
9.06127 8.55666
9.08812 8.58043
9.11495 8.60418
9.14178 8.62792
9.16861 8.65165
9.19543 8.67536
9.22224 8.69905
9.24905 8.72273
9.27585 8.74639
9.30265 8.77004
9.32944 8.79368
9.35622 8.8173
9.383 8.8409
9.40977 8.86449
9.43654 8.88807
9.4633 8.91163
9.49005 8.93517
9.5168 8.9587
9.54354 8.98221
9.57028 9.00571
9.59701 9.0292
9.62374 9.05267
9.65045 9.07612
9.67717 9.09956
9.70388 9.12299
9.73058 9.1464
9.75727 9.16979
9.78396 9.19317
9.81065 9.21654
9.83732 9.23989
9.864 9.26322
9.89066 9.28655
9.91732 9.30985
9.94398 9.33314
9.97063 9.35642
9.99727 9.37968
10.0239 9.40292
10.0505 9.42616
10.0772 9.44937
10.1038 9.47257
10.1304 9.49576
10.157 9.51893
10.1836 9.54209
10.2102 9.56523
10.2368 9.58836
10.2634 9.61147
10.29 9.63457
10.3165 9.65765
10.3431 9.68072
10.3697 9.70377
10.3962 9.72681
10.4228 9.74984
10.4493 9.77284
10.4759 9.79584
10.5024 9.81882
10.5289 9.84178
10.5554 9.86473
10.582 9.88767
10.6085 9.91059
10.635 9.93349
10.6615 9.95638
10.688 9.97926
10.7145 10.0021
10.7409 10.025
10.7674 10.0478
10.7939 10.0706
10.8204 10.0934
10.8468 10.1162
10.8733 10.139
10.8997 10.1617
10.9262 10.1845
10.9526 10.2072
10.979 10.2299
11.0054 10.2526
11.0319 10.2753
11.0583 10.298
11.0847 10.3206
11.1111 10.3433
11.1375 10.3659
11.1639 10.3885
11.1903 10.4111
11.2166 10.4337
11.243 10.4563
11.2694 10.4788
11.2958 10.5014
11.3221 10.5239
11.3485 10.5464
11.3748 10.5689
11.4011 10.5914
11.4275 10.6138
11.4538 10.6363
11.4801 10.6587
11.5065 10.6811
11.5328 10.7035
11.5591 10.7259
11.5854 10.7483
11.6117 10.7707
11.638 10.793
11.6642 10.8154
11.6905 10.8377
11.7168 10.86
11.7431 10.8823
11.7693 10.9046
11.7956 10.9268
11.8218 10.9491
11.8481 10.9713
11.8743 10.9935
11.9006 11.0157
11.9268 11.0379
11.953 11.0601
11.9792 11.0822
12.0054 11.1044
12.0316 11.1265
12.0578 11.1486
12.084 11.1707
12.1102 11.1928
12.1364 11.2149
12.1626 11.237
12.1888 11.259
12.2149 11.281
12.2411 11.303
12.2672 11.325
12.2934 11.347
12.3195 11.369
12.3457 11.391
12.3718 11.4129
12.398 11.4348
12.4241 11.4567
12.4502 11.4786
12.4763 11.5005
12.5024 11.5224
12.5285 11.5443
12.5546 11.5661
12.5807 11.5879
12.6068 11.6097
12.6329 11.6315
12.6589 11.6533
12.685 11.6751
12.7111 11.6969
12.7371 11.7186
12.7632 11.7403
12.7892 11.762
12.8153 11.7837
12.8413 11.8054
12.8673 11.8271
12.8934 11.8487
12.9194 11.8704
12.9454 11.892
12.9714 11.9136
12.9974 11.9352
13.0234 11.9568
13.0494 11.9784
13.0754 11.9999
13.1014 12.0215
13.1274 12.043
13.1533 12.0645
13.1793 12.086
13.2052 12.1075
13.2312 12.129
13.2572 12.1504
13.2831 12.1719
13.309 12.1933
13.335 12.2147
13.3609 12.2361
13.3868 12.2575
13.4127 12.2789
13.4387 12.3002
13.4646 12.3216
13.4905 12.3429
13.5164 12.3642
13.5422 12.3855
13.5681 12.4068
13.594 12.4281
13.6199 12.4493
13.6458 12.4706
13.6716 12.4918
13.6975 12.513
13.7233 12.5342
13.7492 12.5554
13.775 12.5766
13.8009 12.5977
13.8267 12.6189
13.8525 12.64
13.8783 12.6611
13.9042 12.6822
13.93 12.7033
13.9558 12.7244
13.9816 12.7454
14.0074 12.7665
14.0332 12.7875
14.0589 12.8085
14.0847 12.8295
14.1105 12.8505
14.1363 12.8715
14.162 12.8924
14.1878 12.9134
14.2135 12.9343
14.2393 12.9552
14.265 12.9761
14.2908 12.997
14.3165 13.0179
14.3422 13.0388
14.3679 13.0596
14.3937 13.0804
14.4194 13.1013
14.4451 13.1221
14.4708 13.1429
14.4965 13.1636
14.5222 13.1844
14.5478 13.2051
14.5735 13.2259
14.5992 13.2466
14.6249 13.2673
14.6505 13.288
14.6762 13.3087
14.7018 13.3293
14.7275 13.35
14.7531 13.3706
14.7788 13.3913
14.8044 13.4119
14.83 13.4325
14.8557 13.453
14.8813 13.4736
14.9069 13.4942
14.9325 13.5147
14.9581 13.5352
14.9837 13.5557
15.0093 13.5762
15.0349 13.5967
15.0604 13.6172
15.086 13.6376
15.1116 13.6581
15.1372 13.6785
15.1627 13.6989
15.1883 13.7193
15.2138 13.7397
15.2394 13.7601
15.2649 13.7804
15.2904 13.8008
15.316 13.8211
15.3415 13.8414
15.367 13.8617
15.3925 13.882
15.418 13.9023
15.4435 13.9226
15.469 13.9428
15.4945 13.963
15.52 13.9833
15.5455 14.0035
15.571 14.0237
15.5964 14.0438
15.6219 14.064
15.6474 14.0842
15.6728 14.1043
15.6983 14.1244
15.7237 14.1445
15.7492 14.1646
15.7746 14.1847
15.8 14.2048
15.8255 14.2248
15.8509 14.2449
15.8763 14.2649
15.9017 14.2849
15.9271 14.3049
15.9525 14.3249
15.9779 14.3448
16.0033 14.3648
16.0287 14.3847
16.0541 14.4047
16.0795 14.4246
16.1048 14.4445
16.1302 14.4644
16.1556 14.4843
16.1809 14.5041
16.2063 14.524
16.2316 14.5438
16.257 14.5636
16.2823 14.5834
16.3076 14.6032
16.3329 14.623
16.3583 14.6428
16.3836 14.6625
16.4089 14.6822
16.4342 14.702
16.4595 14.7217
16.4848 14.7414
16.5101 14.7611
16.5354 14.7807
16.5607 14.8004
16.5859 14.82
16.6112 14.8396
16.6365 14.8593
16.6617 14.8789
16.687 14.8984
16.7122 14.918
16.7375 14.9376
16.7627 14.9571
16.788 14.9767
16.8132 14.9962
16.8384 15.0157
16.8636 15.0352
16.8889 15.0546
16.9141 15.0741
16.9393 15.0936
16.9645 15.113
16.9897 15.1324
17.0149 15.1518
17.0401 15.1712
17.0652 15.1906
17.0904 15.21
17.1156 15.2293
17.1408 15.2487
17.1659 15.268
17.1911 15.2873
17.2162 15.3066
17.2414 15.3259
17.2665 15.3452
17.2917 15.3644
17.3168 15.3837
17.3419 15.4029
17.367 15.4221
17.3922 15.4413
17.4173 15.4605
17.4424 15.4797
17.4675 15.4989
17.4926 15.518
17.5177 15.5372
17.5428 15.5563
17.5678 15.5754
17.5929 15.5945
17.618 15.6136
17.6431 15.6327
17.6681 15.6517
17.6932 15.6708
17.7182 15.6898
17.7433 15.7088
17.7683 15.7278
17.7934 15.7468
17.8184 15.7658
17.8434 15.7847
17.8685 15.8037
17.8935 15.8226
17.9185 15.8415
17.9435 15.8605
17.9685 15.8793
17.9935 15.8982
18.0185 15.9171
18.0435 15.936
18.0685 15.9548
18.0935 15.9736
18.1185 15.9924
18.1434 16.0112
18.1684 16.03
18.1934 16.0488
18.2183 16.0676
18.2433 16.0863
18.2682 16.105
18.2932 16.1238
18.3181 16.1425
18.343 16.1612
18.368 16.1798
18.3929 16.1985
18.4178 16.2172
18.4427 16.2358
18.4676 16.2544
18.4925 16.273
18.5174 16.2916
18.5423 16.3102
18.5672 16.3288
18.5921 16.3474
18.617 16.3659
18.6419 16.3845
18.6668 16.403
18.6916 16.4215
18.7165 16.44
18.7413 16.4585
18.7662 16.4769
18.791 16.4954
18.8159 16.5138
18.8407 16.5322
18.8656 16.5507
18.8904 16.5691
18.9152 16.5874
18.94 16.6058
18.9648 16.6242
18.9897 16.6425
19.0145 16.6609
19.0393 16.6792
19.0641 16.6975
19.0889 16.7158
19.1136 16.7341
19.1384 16.7523
19.1632 16.7706
19.188 16.7888
19.2127 16.8071
19.2375 16.8253
19.2623 16.8435
19.287 16.8617
19.3118 16.8798
19.3365 16.898
19.3613 16.9161
19.386 16.9343
19.4107 16.9524
19.4354 16.9705
19.4602 16.9886
19.4849 17.0067
19.5096 17.0248
19.5343 17.0428
19.559 17.0609
19.5837 17.0789
19.6084 17.0969
19.6331 17.1149
19.6578 17.1329
19.6825 17.1509
19.7071 17.1688
19.7318 17.1868
19.7565 17.2047
19.7811 17.2226
19.8058 17.2406
19.8304 17.2584
19.8551 17.2763
19.8797 17.2942
19.9044 17.3121
19.929 17.3299
19.9536 17.3477
19.9782 17.3656
20.0029 17.3834
20.0275 17.4012
20.0521 17.4189
20.0767 17.4367
20.1013 17.4545
20.1259 17.4722
20.1505 17.4899
20.1751 17.5076
20.1997 17.5253
20.2242 17.543
20.2488 17.5607
20.2734 17.5784
20.2979 17.596
20.3225 17.6136
20.3471 17.6313
20.3716 17.6489
20.3962 17.6665
20.4207 17.6841
20.4452 17.7016
20.4698 17.7192
20.4943 17.7367
20.5188 17.7543
20.5433 17.7718
20.5678 17.7893
20.5924 17.8068
20.6169 17.8242
20.6414 17.8417
20.6659 17.8592
20.6903 17.8766
20.7148 17.894
20.7393 17.9114
20.7638 17.9288
20.7883 17.9462
20.8127 17.9636
20.8372 17.981
20.8617 17.9983
20.8861 18.0156
20.9106 18.033
20.935 18.0503
20.9595 18.0676
20.9839 18.0849
21.0083 18.1021
21.0328 18.1194
21.0572 18.1366
21.0816 18.1539
21.106 18.1711
21.1304 18.1883
21.1548 18.2055
21.1792 18.2227
21.2036 18.2398
21.228 18.257
21.2524 18.2741
21.2768 18.2912
21.3012 18.3084
21.3255 18.3255
21.3499 18.3426
21.3743 18.3596
21.3986 18.3767
21.423 18.3937
21.4473 18.4108
21.4717 18.4278
21.496 18.4448
21.5204 18.4618
21.5447 18.4788
21.569 18.4958
21.5934 18.5127
21.6177 18.5297
21.642 18.5466
21.6663 18.5635
21.6906 18.5804
21.7149 18.5973
21.7392 18.6142
21.7635 18.6311
21.7878 18.6479
21.8121 18.6648
21.8364 18.6816
21.8607 18.6984
21.8849 18.7152
21.9092 18.732
21.9335 18.7488
21.9577 18.7656
21.982 18.7823
22.0062 18.7991
22.0305 18.8158
22.0547 18.8325
22.0789 18.8492
22.1032 18.8659
22.1274 18.8826
22.1516 18.8992
22.1758 18.9159
22.2001 18.9325
22.2243 18.9492
22.2485 18.9658
22.2727 18.9824
22.2969 18.999
22.3211 19.0155
22.3453 19.0321
22.3694 19.0486
22.3936 19.0652
22.4178 19.0817
22.442 19.0982
22.4661 19.1147
22.4903 19.1312
22.5145 19.1477
22.5386 19.1641
22.5628 19.1806
22.5869 19.197
22.6111 19.2134
22.6352 19.2298
22.6593 19.2462
22.6834 19.2626
22.7076 19.279
22.7317 19.2953
22.7558 19.3117
22.7799 19.328
22.804 19.3443
22.8281 19.3606
22.8522 19.3769
22.8763 19.3932
22.9004 19.4095
22.9245 19.4257
22.9486 19.442
22.9726 19.4582
22.9967 19.4744
23.0208 19.4906
23.0448 19.5068
23.0689 19.523
23.093 19.5392
23.117 19.5553
23.1411 19.5715
23.1651 19.5876
23.1891 19.6037
23.2132 19.6198
23.2372 19.6359
23.2612 19.652
23.2852 19.6681
23.3093 19.6841
23.3333 19.7001
23.3573 19.7162
23.3813 19.7322
23.4053 19.7482
23.4293 19.7642
23.4533 19.7802
23.4773 19.7961
23.5012 19.8121
23.5252 19.828
23.5492 19.8439
23.5732 19.8598
23.5971 19.8758
23.6211 19.8916
23.645 19.9075
23.669 19.9234
23.6929 19.9392
23.7169 19.9551
23.7408 19.9709
23.7648 19.9867
23.7887 20.0025
23.8126 20.0183
23.8365 20.0341
23.8605 20.0498
23.8844 20.0656
23.9083 20.0813
23.9322 20.097
23.9561 20.1128
23.98 20.1285
24.0039 20.1441
24.0278 20.1598
24.0516 20.1755
24.0755 20.1911
24.0994 20.2068
24.1233 20.2224
24.1471 20.238
24.171 20.2536
24.1949 20.2692
24.2187 20.2848
24.2426 20.3003
24.2664 20.3159
24.2903 20.3314
24.3141 20.3469
24.3379 20.3624
24.3618 20.3779
24.3856 20.3934
24.4094 20.4089
24.4332 20.4244
24.457 20.4398
24.4809 20.4552
24.5047 20.4707
24.5285 20.4861
24.5523 20.5015
24.5761 20.5169
24.5998 20.5322
24.6236 20.5476
24.6474 20.5629
24.6712 20.5783
24.695 20.5936
24.7187 20.6089
24.7425 20.6242
24.7662 20.6395
24.79 20.6548
24.8138 20.67
24.8375 20.6853
24.8612 20.7005
24.885 20.7157
24.9087 20.731
24.9324 20.7462
24.9562 20.7613
24.9799 20.7765
25.0036 20.7917
25.0273 20.8068
25.051 20.822
25.0747 20.8371
25.0984 20.8522
25.1221 20.8673
25.1458 20.8824
25.1695 20.8975
25.1932 20.9125
25.2169 20.9276
25.2406 20.9426
25.2642 20.9576
25.2879 20.9727
25.3116 20.9877
25.3352 21.0026
25.3589 21.0176
25.3826 21.0326
25.4062 21.0475
25.4298 21.0625
25.4535 21.0774
25.4771 21.0923
25.5008 21.1072
25.5244 21.1221
25.548 21.137
25.5716 21.1519
25.5952 21.1667
25.6189 21.1815
25.6425 21.1964
25.6661 21.2112
25.6897 21.226
25.7133 21.2408
25.7369 21.2556
25.7604 21.2703
25.784 21.2851
25.8076 21.2998
25.8312 21.3145
25.8548 21.3293
25.8783 21.344
25.9019 21.3587
25.9254 21.3733
25.949 21.388
25.9726 21.4027
25.9961 21.4173
26.0196 21.4319
26.0432 21.4466
26.0667 21.4612
26.0903 21.4758
26.1138 21.4903
26.1373 21.5049
26.1608 21.5195
26.1843 21.534
26.2079 21.5485
26.2314 21.5631
26.2549 21.5776
26.2784 21.5921
26.3019 21.6065
26.3254 21.621
26.3488 21.6355
26.3723 21.6499
26.3958 21.6644
26.4193 21.6788
26.4427 21.6932
26.4662 21.7076
26.4897 21.722
26.5131 21.7363
26.5366 21.7507
26.56 21.765
26.5835 21.7794
26.6069 21.7937
26.6304 21.808
26.6538 21.8223
26.6772 21.8366
26.7007 21.8509
26.7241 21.8651
26.7475 21.8794
26.7709 21.8936
26.7943 21.9079
26.8178 21.9221
26.8412 21.9363
26.8646 21.9505
26.888 21.9646
26.9113 21.9788
26.9347 21.993
26.9581 22.0071
26.9815 22.0212
27.0049 22.0353
27.0283 22.0495
27.0516 22.0635
27.075 22.0776
27.0983 22.0917
27.1217 22.1057
27.1451 22.1198
27.1684 22.1338
27.1918 22.1478
27.2151 22.1618
27.2384 22.1758
27.2618 22.1898
27.2851 22.2038
27.3084 22.2178
27.3317 22.2317
27.3551 22.2456
27.3784 22.2596
27.4017 22.2735
27.425 22.2874
27.4483 22.3013
27.4716 22.3151
27.4949 22.329
27.5182 22.3428
27.5415 22.3567
27.5647 22.3705
27.588 22.3843
27.6113 22.3981
27.6346 22.4119
27.6578 22.4257
27.6811 22.4394
27.7044 22.4532
27.7276 22.4669
27.7509 22.4807
27.7741 22.4944
27.7974 22.5081
27.8206 22.5218
27.8438 22.5355
27.8671 22.5491
27.8903 22.5628
27.9135 22.5764
27.9367 22.5901
27.96 22.6037
27.9832 22.6173
28.0064 22.6309
28.0296 22.6445
28.0528 22.658
28.076 22.6716
28.0992 22.6851
28.1224 22.6987
28.1456 22.7122
28.1687 22.7257
28.1919 22.7392
28.2151 22.7527
28.2383 22.7662
28.2614 22.7796
28.2846 22.7931
28.3078 22.8065
28.3309 22.82
28.3541 22.8334
28.3772 22.8468
28.4004 22.8602
28.4235 22.8735
28.4466 22.8869
28.4698 22.9003
28.4929 22.9136
28.516 22.9269
28.5392 22.9403
28.5623 22.9536
28.5854 22.9669
28.6085 22.9801
28.6316 22.9934
28.6547 23.0067
28.6778 23.0199
28.7009 23.0332
28.724 23.0464
28.7471 23.0596
28.7702 23.0728
28.7932 23.086
28.8163 23.0992
28.8394 23.1123
28.8625 23.1255
28.8855 23.1386
28.9086 23.1517
28.9316 23.1649
28.9547 23.178
28.9777 23.1911
29.0008 23.2041
29.0238 23.2172
29.0469 23.2303
29.0699 23.2433
29.0929 23.2563
29.116 23.2694
29.139 23.2824
29.162 23.2954
29.185 23.3083
29.208 23.3213
29.231 23.3343
29.2541 23.3472
29.2771 23.3602
29.3 23.3731
29.323 23.386
29.346 23.3989
29.369 23.4118
29.392 23.4247
29.415 23.4375
29.438 23.4504
29.4609 23.4632
29.4839 23.4761
29.5069 23.4889
29.5298 23.5017
29.5528 23.5145
29.5757 23.5273
29.5987 23.54
29.6216 23.5528
29.6446 23.5655
29.6675 23.5783
29.6904 23.591
29.7134 23.6037
29.7363 23.6164
29.7592 23.6291
29.7821 23.6418
29.8051 23.6544
29.828 23.6671
29.8509 23.6797
29.8738 23.6924
29.8967 23.705
29.9196 23.7176
29.9425 23.7302
29.9654 23.7427
29.9882 23.7553
30.0111 23.7679
30.034 23.7804
30.0569 23.793
30.0798 23.8055
30.1026 23.818
30.1255 23.8305
30.1483 23.843
30.1712 23.8554
30.1941 23.8679
30.2169 23.8804
30.2397 23.8928
30.2626 23.9052
30.2854 23.9176
30.3083 23.93
30.3311 23.9424
30.3539 23.9548
30.3767 23.9672
30.3996 23.9795
30.4224 23.9919
30.4452 24.0042
30.468 24.0165
30.4908 24.0289
30.5136 24.0412
30.5364 24.0534
30.5592 24.0657
30.582 24.078
30.6048 24.0902
30.6276 24.1025
30.6504 24.1147
30.6731 24.1269
30.6959 24.1391
30.7187 24.1513
30.7414 24.1635
30.7642 24.1757
30.787 24.1878
30.8097 24.2
30.8325 24.2121
30.8552 24.2242
30.878 24.2363
30.9007 24.2484
30.9234 24.2605
30.9462 24.2726
30.9689 24.2846
30.9916 24.2967
31.0143 24.3087
31.0371 24.3208
31.0598 24.3328
31.0825 24.3448
31.1052 24.3568
31.1279 24.3688
31.1506 24.3807
31.1733 24.3927
31.196 24.4046
31.2187 24.4166
31.2414 24.4285
31.2641 24.4404
31.2867 24.4523
31.3094 24.4642
31.3321 24.4761
31.3548 24.4879
31.3774 24.4998
31.4001 24.5116
31.4227 24.5235
31.4454 24.5353
31.468 24.5471
31.4907 24.5589
31.5133 24.5707
31.536 24.5824
31.5586 24.5942
31.5812 24.6059
31.6039 24.6177
31.6265 24.6294
31.6491 24.6411
31.6717 24.6528
31.6944 24.6645
31.717 24.6762
31.7396 24.6878
31.7622 24.6995
31.7848 24.7111
31.8074 24.7228
31.83 24.7344
31.8526 24.746
31.8752 24.7576
31.8977 24.7692
31.9203 24.7808
31.9429 24.7923
31.9655 24.8039
31.988 24.8154
32.0106 24.8269
32.0332 24.8385
32.0557 24.85
32.0783 24.8614
32.1008 24.8729
32.1234 24.8844
32.1459 24.8959
32.1685 24.9073
32.191 24.9187
32.2135 24.9302
32.2361 24.9416
32.2586 24.953
32.2811 24.9644
32.3036 24.9757
32.3262 24.9871
32.3487 24.9985
32.3712 25.0098
32.3937 25.0211
32.4162 25.0324
32.4387 25.0438
32.4612 25.055
32.4837 25.0663
32.5062 25.0776
32.5286 25.0889
32.5511 25.1001
32.5736 25.1114
32.5961 25.1226
32.6186 25.1338
32.641 25.145
32.6635 25.1562
32.686 25.1674
32.7084 25.1785
32.7309 25.1897
32.7533 25.2008
32.7758 25.212
32.7982 25.2231
32.8206 25.2342
32.8431 25.2453
32.8655 25.2564
32.8879 25.2675
32.9104 25.2785
32.9328 25.2896
32.9552 25.3006
32.9776 25.3117
33 25.3227
33.0225 25.3337
33.0449 25.3447
33.0673 25.3557
33.0897 25.3666
33.1121 25.3776
33.1344 25.3886
33.1568 25.3995
33.1792 25.4104
33.2016 25.4213
33.224 25.4322
33.2464 25.4431
33.2687 25.454
33.2911 25.4649
33.3135 25.4757
33.3358 25.4866
33.3582 25.4974
33.3805 25.5083
33.4029 25.5191
33.4252 25.5299
33.4476 25.5407
33.4699 25.5514
33.4923 25.5622
33.5146 25.573
33.5369 25.5837
33.5592 25.5944
33.5816 25.6052
33.6039 25.6159
33.6262 25.6266
33.6485 25.6372
33.6708 25.6479
33.6931 25.6586
33.7154 25.6692
33.7377 25.6799
33.76 25.6905
33.7823 25.7011
33.8046 25.7117
33.8269 25.7223
33.8492 25.7329
33.8715 25.7435
33.8937 25.7541
33.916 25.7646
33.9383 25.7751
33.9606 25.7857
33.9828 25.7962
34.0051 25.8067
34.0273 25.8172
34.0496 25.8277
34.0718 25.8381
34.0941 25.8486
34.1163 25.859
34.1386 25.8695
34.1608 25.8799
34.183 25.8903
34.2053 25.9007
34.2275 25.9111
34.2497 25.9215
34.2719 25.9318
34.2941 25.9422
34.3164 25.9525
34.3386 25.9629
34.3608 25.9732
34.383 25.9835
34.4052 25.9938
34.4274 26.0041
34.4496 26.0144
34.4717 26.0246
34.4939 26.0349
34.5161 26.0451
34.5383 26.0554
34.5605 26.0656
34.5826 26.0758
34.6048 26.086
34.627 26.0962
34.6491 26.1064
34.6713 26.1165
34.6935 26.1267
34.7156 26.1368
34.7378 26.1469
34.7599 26.1571
34.782 26.1672
34.8042 26.1773
34.8263 26.1874
34.8484 26.1974
34.8706 26.2075
34.8927 26.2175
34.9148 26.2276
34.9369 26.2376
34.9591 26.2476
34.9812 26.2576
35.0033 26.2676
35.0254 26.2776
35.0475 26.2876
35.0696 26.2975
35.0917 26.3075
35.1138 26.3174
35.1359 26.3273
35.158 26.3373
35.18 26.3472
35.2021 26.3571
35.2242 26.3669
35.2463 26.3768
35.2683 26.3867
35.2904 26.3965
35.3125 26.4063
35.3345 26.4162
35.3566 26.426
35.3786 26.4358
35.4007 26.4456
35.4227 26.4554
35.4448 26.4651
35.4668 26.4749
35.4889 26.4846
35.5109 26.4944
35.5329 26.5041
35.5549 26.5138
35.577 26.5235
35.599 26.5332
35.621 26.5429
35.643 26.5525
35.665 26.5622
35.687 26.5718
35.709 26.5815
35.731 26.5911
35.753 26.6007
35.775 26.6103
35.797 26.6199
35.819 26.6295
35.841 26.639
35.863 26.6486
35.885 26.6581
35.9069 26.6677
35.9289 26.6772
35.9509 26.6867
35.9728 26.6962
35.9948 26.7057
36.0168 26.7152
36.0387 26.7246
36.0607 26.7341
36.0826 26.7435
36.1046 26.753
36.1265 26.7624
36.1484 26.7718
36.1704 26.7812
36.1923 26.7906
36.2142 26.7999
36.2362 26.8093
36.2581 26.8187
36.28 26.828
36.3019 26.8373
36.3238 26.8467
36.3458 26.856
36.3677 26.8653
36.3896 26.8746
36.4115 26.8838
36.4334 26.8931
36.4553 26.9023
36.4772 26.9116
36.499 26.9208
36.5209 26.93
36.5428 26.9392
36.5647 26.9484
36.5866 26.9576
36.6084 26.9668
36.6303 26.976
36.6522 26.9851
36.674 26.9943
36.6959 27.0034
36.7177 27.0125
36.7396 27.0216
36.7615 27.0307
36.7833 27.0398
36.8051 27.0489
36.827 27.0579
36.8488 27.067
36.8707 27.076
36.8925 27.0851
36.9143 27.0941
36.9361 27.1031
36.958 27.1121
36.9798 27.1211
37.0016 27.1301
37.0234 27.139
37.0452 27.148
37.067 27.1569
37.0888 27.1658
37.1106 27.1748
37.1324 27.1837
37.1542 27.1926
37.176 27.2014
37.1978 27.2103
37.2196 27.2192
37.2413 27.228
37.2631 27.2369
37.2849 27.2457
37.3067 27.2545
37.3284 27.2633
37.3502 27.2721
37.372 27.2809
37.3937 27.2897
37.4155 27.2985
37.4372 27.3072
37.459 27.316
37.4807 27.3247
37.5025 27.3334
37.5242 27.3421
37.5459 27.3508
37.5677 27.3595
37.5894 27.3682
37.6111 27.3768
37.6329 27.3855
37.6546 27.3941
37.6763 27.4028
37.698 27.4114
37.7197 27.42
37.7414 27.4286
37.7631 27.4372
37.7848 27.4458
37.8065 27.4543
37.8282 27.4629
37.8499 27.4714
37.8716 27.48
37.8933 27.4885
37.915 27.497
37.9367 27.5055
37.9583 27.514
37.98 27.5225
38.0017 27.5309
38.0233 27.5394
38.045 27.5478
38.0667 27.5563
38.0883 27.5647
38.11 27.5731
38.1316 27.5815
38.1533 27.5899
38.1749 27.5983
38.1966 27.6066
38.2182 27.615
38.2399 27.6233
38.2615 27.6317
38.2831 27.64
38.3047 27.6483
38.3264 27.6566
38.348 27.6649
38.3696 27.6732
38.3912 27.6814
38.4128 27.6897
38.4344 27.6979
38.4561 27.7062
38.4777 27.7144
38.4993 27.7226
38.5209 27.7308
38.5424 27.739
38.564 27.7472
38.5856 27.7554
38.6072 27.7635
38.6288 27.7717
38.6504 27.7798
38.6719 27.7879
38.6935 27.796
38.7151 27.8041
38.7367 27.8122
38.7582 27.8203
38.7798 27.8284
38.8013 27.8364
38.8229 27.8445
38.8444 27.8525
38.866 27.8606
38.8875 27.8686
38.9091 27.8766
38.9306 27.8846
38.9521 27.8926
38.9737 27.9005
38.9952 27.9085
39.0167 27.9164
39.0383 27.9244
39.0598 27.9323
39.0813 27.9402
39.1028 27.9481
39.1243 27.956
39.1458 27.9639
39.1673 27.9718
39.1888 27.9797
39.2103 27.9875
39.2318 27.9954
39.2533 28.0032
39.2748 28.011
39.2963 28.0188
39.3178 28.0266
39.3393 28.0344
39.3607 28.0422
39.3822 28.0499
39.4037 28.0577
39.4252 28.0654
39.4466 28.0732
39.4681 28.0809
39.4895 28.0886
39.511 28.0963
39.5325 28.104
39.5539 28.1117
39.5754 28.1193
39.5968 28.127
39.6182 28.1346
39.6397 28.1423
39.6611 28.1499
39.6826 28.1575
39.704 28.1651
39.7254 28.1727
39.7468 28.1803
39.7683 28.1879
39.7897 28.1954
39.8111 28.203
39.8325 28.2105
39.8539 28.218
39.8753 28.2255
39.8967 28.233
39.9181 28.2405
39.9395 28.248
39.9609 28.2555
39.9823 28.263
40.0037 28.2704
40.0251 28.2778
40.0465 28.2853
40.0678 28.2927
40.0892 28.3001
40.1106 28.3075
40.132 28.3149
40.1533 28.3222
40.1747 28.3296
40.196 28.337
40.2174 28.3443
40.2388 28.3516
40.2601 28.359
40.2815 28.3663
40.3028 28.3736
40.3241 28.3809
40.3455 28.3881
40.3668 28.3954
40.3882 28.4027
40.4095 28.4099
40.4308 28.4171
40.4521 28.4244
40.4735 28.4316
40.4948 28.4388
40.5161 28.446
40.5374 28.4531
40.5587 28.4603
40.58 28.4675
40.6013 28.4746
40.6226 28.4817
40.6439 28.4889
40.6652 28.496
40.6865 28.5031
40.7078 28.5102
40.7291 28.5173
40.7504 28.5243
40.7717 28.5314
40.793 28.5385
40.8142 28.5455
40.8355 28.5525
40.8568 28.5595
40.878 28.5665
40.8993 28.5735
40.9206 28.5805
40.9418 28.5875
40.9631 28.5945
40.9843 28.6014
41.0056 28.6084
41.0268 28.6153
41.0481 28.6222
41.0693 28.6291
41.0905 28.636
41.1118 28.6429
41.133 28.6498
41.1542 28.6567
41.1755 28.6635
41.1967 28.6704
41.2179 28.6772
41.2391 28.684
41.2603 28.6908
41.2816 28.6976
41.3028 28.7044
41.324 28.7112
41.3452 28.718
41.3664 28.7247
41.3876 28.7315
41.4088 28.7382
41.43 28.745
41.4511 28.7517
41.4723 28.7584
41.4935 28.7651
41.5147 28.7718
41.5359 28.7784
41.557 28.7851
41.5782 28.7918
41.5994 28.7984
41.6205 28.805
41.6417 28.8117
41.6629 28.8183
41.684 28.8249
41.7052 28.8315
41.7263 28.838
41.7475 28.8446
41.7686 28.8512
41.7898 28.8577
41.8109 28.8642
41.832 28.8708
41.8532 28.8773
41.8743 28.8838
41.8954 28.8903
41.9166 28.8968
41.9377 28.9032
41.9588 28.9097
41.9799 28.9161
42.001 28.9226
42.0221 28.929
42.0432 28.9354
42.0643 28.9418
42.0854 28.9482
42.1065 28.9546
42.1276 28.961
42.1487 28.9673
42.1698 28.9737
42.1909 28.98
42.212 28.9864
42.2331 28.9927
42.2542 28.999
42.2752 29.0053
42.2963 29.0116
42.3174 29.0179
42.3384 29.0241
42.3595 29.0304
42.3806 29.0367
42.4016 29.0429
42.4227 29.0491
42.4437 29.0553
42.4648 29.0615
42.4858 29.0677
42.5069 29.0739
42.5279 29.0801
42.549 29.0862
42.57 29.0924
42.591 29.0985
42.6121 29.1047
42.6331 29.1108
42.6541 29.1169
42.6751 29.123
42.6962 29.1291
42.7172 29.1352
42.7382 29.1412
42.7592 29.1473
42.7802 29.1533
42.8012 29.1594
42.8222 29.1654
42.8432 29.1714
42.8642 29.1774
42.8852 29.1834
42.9062 29.1894
42.9272 29.1953
42.9482 29.2013
42.9692 29.2073
42.9901 29.2132
43.0111 29.2191
43.0321 29.225
43.0531 29.231
43.074 29.2368
43.095 29.2427
43.1159 29.2486
43.1369 29.2545
43.1579 29.2603
43.1788 29.2662
43.1998 29.272
43.2207 29.2778
43.2417 29.2836
43.2626 29.2894
43.2836 29.2952
43.3045 29.301
43.3254 29.3068
43.3464 29.3125
43.3673 29.3183
43.3882 29.324
43.4091 29.3298
43.4301 29.3355
43.451 29.3412
43.4719 29.3469
43.4928 29.3526
43.5137 29.3582
43.5346 29.3639
43.5555 29.3696
43.5764 29.3752
43.5973 29.3808
43.6182 29.3865
43.6391 29.3921
43.66 29.3977
43.6809 29.4033
43.7018 29.4088
43.7227 29.4144
43.7435 29.42
43.7644 29.4255
43.7853 29.431
43.8062 29.4366
43.827 29.4421
43.8479 29.4476
43.8687 29.4531
43.8896 29.4586
43.9105 29.4641
43.9313 29.4695
43.9522 29.475
43.973 29.4804
43.9939 29.4858
44.0147 29.4913
44.0356 29.4967
44.0564 29.5021
44.0772 29.5075
44.0981 29.5129
44.1189 29.5182
44.1397 29.5236
44.1605 29.5289
44.1814 29.5343
44.2022 29.5396
44.223 29.5449
44.2438 29.5502
44.2646 29.5555
44.2854 29.5608
44.3062 29.5661
44.327 29.5713
44.3478 29.5766
44.3686 29.5818
44.3894 29.5871
44.4102 29.5923
44.431 29.5975
44.4518 29.6027
44.4726 29.6079
44.4933 29.6131
44.5141 29.6182
44.5349 29.6234
44.5557 29.6285
44.5764 29.6337
44.5972 29.6388
44.618 29.6439
44.6387 29.649
44.6595 29.6541
44.6802 29.6592
44.701 29.6643
44.7217 29.6694
44.7425 29.6744
44.7632 29.6795
44.784 29.6845
44.8047 29.6895
44.8254 29.6945
44.8462 29.6995
44.8669 29.7045
44.8876 29.7095
44.9084 29.7145
44.9291 29.7194
44.9498 29.7244
44.9705 29.7293
44.9912 29.7343
45.012 29.7392
45.0327 29.7441
45.0534 29.749
45.0741 29.7539
45.0948 29.7587
45.1155 29.7636
45.1362 29.7685
45.1569 29.7733
45.1775 29.7782
45.1982 29.783
45.2189 29.7878
45.2396 29.7926
45.2603 29.7974
45.281 29.8022
45.3016 29.8069
45.3223 29.8117
45.343 29.8165
45.3636 29.8212
45.3843 29.8259
45.405 29.8307
45.4256 29.8354
45.4463 29.8401
45.4669 29.8447
45.4876 29.8494
45.5082 29.8541
45.5289 29.8588
45.5495 29.8634
45.5701 29.868
45.5908 29.8727
45.6114 29.8773
45.632 29.8819
45.6527 29.8865
45.6733 29.8911
45.6939 29.8956
45.7145 29.9002
45.7352 29.9048
45.7558 29.9093
45.7764 29.9138
45.797 29.9184
45.8176 29.9229
45.8382 29.9274
45.8588 29.9319
45.8794 29.9364
45.9 29.9408
45.9206 29.9453
45.9412 29.9497
45.9618 29.9542
45.9824 29.9586
46.0029 29.963
46.0235 29.9674
46.0441 29.9718
46.0647 29.9762
46.0852 29.9806
46.1058 29.985
46.1264 29.9893
46.1469 29.9937
46.1675 29.998
46.1881 30.0023
46.2086 30.0066
46.2292 30.0109
46.2497 30.0152
46.2703 30.0195
46.2908 30.0238
46.3114 30.0281
46.3319 30.0323
46.3524 30.0366
46.373 30.0408
46.3935 30.045
46.414 30.0492
46.4346 30.0534
46.4551 30.0576
46.4756 30.0618
46.4961 30.066
46.5166 30.0701
46.5372 30.0743
46.5577 30.0784
46.5782 30.0826
46.5987 30.0867
46.6192 30.0908
46.6397 30.0949
46.6602 30.099
46.6807 30.103
46.7012 30.1071
46.7217 30.1112
46.7422 30.1152
46.7626 30.1192
46.7831 30.1233
46.8036 30.1273
46.8241 30.1313
46.8445 30.1353
46.865 30.1393
46.8855 30.1433
46.906 30.1472
46.9264 30.1512
46.9469 30.1551
46.9673 30.159
46.9878 30.163
47.0082 30.1669
47.0287 30.1708
47.0491 30.1747
47.0696 30.1786
47.09 30.1824
47.1105 30.1863
47.1309 30.1901
47.1513 30.194
47.1718 30.1978
47.1922 30.2016
47.2126 30.2054
47.2331 30.2092
47.2535 30.213
47.2739 30.2168
47.2943 30.2206
47.3147 30.2243
47.3351 30.2281
47.3555 30.2318
47.376 30.2355
47.3964 30.2393
47.4168 30.243
47.4372 30.2467
47.4576 30.2504
47.4779 30.254
47.4983 30.2577
47.5187 30.2614
47.5391 30.265
47.5595 30.2686
47.5799 30.2723
47.6003 30.2759
47.6206 30.2795
47.641 30.2831
47.6614 30.2867
47.6817 30.2902
47.7021 30.2938
47.7225 30.2973
47.7428 30.3009
47.7632 30.3044
47.7835 30.3079
47.8039 30.3115
47.8242 30.315
47.8446 30.3184
47.8649 30.3219
47.8853 30.3254
47.9056 30.3289
47.9259 30.3323
47.9463 30.3357
47.9666 30.3392
47.9869 30.3426
48.0073 30.346
48.0276 30.3494
48.0479 30.3528
48.0682 30.3562
48.0885 30.3595
48.1089 30.3629
48.1292 30.3662
48.1495 30.3696
48.1698 30.3729
48.1901 30.3762
48.2104 30.3795
48.2307 30.3828
48.251 30.3861
48.2713 30.3894
48.2916 30.3927
48.3118 30.3959
48.3321 30.3992
48.3524 30.4024
48.3727 30.4056
48.393 30.4088
48.4132 30.4121
48.4335 30.4152
48.4538 30.4184
48.474 30.4216
48.4943 30.4248
48.5146 30.4279
48.5348 30.4311
48.5551 30.4342
48.5753 30.4373
48.5956 30.4404
48.6158 30.4435
48.6361 30.4466
48.6563 30.4497
48.6766 30.4528
48.6968 30.4559
48.717 30.4589
48.7373 30.4619
48.7575 30.465
48.7777 30.468
48.798 30.471
48.8182 30.474
48.8384 30.477
48.8586 30.48
48.8788 30.483
48.8991 30.4859
48.9193 30.4889
48.9395 30.4918
48.9597 30.4947
48.9799 30.4977
49.0001 30.5006
49.0203 30.5035
49.0405 30.5064
49.0607 30.5092
49.0809 30.5121
49.1011 30.515
49.1212 30.5178
49.1414 30.5206
49.1616 30.5235
49.1818 30.5263
49.202 30.5291
49.2221 30.5319
49.2423 30.5347
49.2625 30.5375
49.2826 30.5402
49.3028 30.543
49.323 30.5457
49.3431 30.5485
49.3633 30.5512
49.3834 30.5539
49.4036 30.5566
49.4237 30.5593
49.4439 30.562
49.464 30.5647
49.4841 30.5674
49.5043 30.57
49.5244 30.5727
49.5445 30.5753
49.5647 30.5779
49.5848 30.5805
49.6049 30.5831
49.6251 30.5857
49.6452 30.5883
49.6653 30.5909
49.6854 30.5935
49.7055 30.596
49.7256 30.5986
49.7457 30.6011
49.7658 30.6036
49.7859 30.6061
49.806 30.6086
49.8261 30.6111
49.8462 30.6136
49.8663 30.6161
49.8864 30.6185
49.9065 30.621
49.9266 30.6234
49.9467 30.6259
49.9667 30.6283
49.9868 30.6307
50.0069 30.6331
50.027 30.6355
50.047 30.6379
50.0671 30.6403
50.0872 30.6426
50.1072 30.645
50.1273 30.6473
50.1474 30.6497
50.1674 30.652
50.1875 30.6543
50.2075 30.6566
50.2276 30.6589
50.2476 30.6612
50.2676 30.6634
50.2877 30.6657
50.3077 30.668
50.3278 30.6702
50.3478 30.6724
50.3678 30.6747
50.3878 30.6769
50.4079 30.6791
50.4279 30.6813
50.4479 30.6834
50.4679 30.6856
50.4879 30.6878
50.508 30.6899
50.528 30.6921
50.548 30.6942
50.568 30.6963
50.588 30.6984
50.608 30.7005
50.628 30.7026
50.648 30.7047
50.668 30.7068
50.688 30.7088
50.7079 30.7109
50.7279 30.7129
50.7479 30.7149
50.7679 30.717
50.7879 30.719
50.8079 30.721
50.8278 30.723
50.8478 30.7249
50.8678 30.7269
50.8877 30.7289
50.9077 30.7308
50.9277 30.7328
50.9476 30.7347
50.9676 30.7366
50.9875 30.7385
51.0075 30.7404
51.0274 30.7423
51.0474 30.7442
51.0673 30.7461
51.0872 30.7479
51.1072 30.7498
51.1271 30.7516
51.1471 30.7534
51.167 30.7553
51.1869 30.7571
51.2068 30.7589
51.2268 30.7607
51.2467 30.7624
51.2666 30.7642
51.2865 30.766
51.3064 30.7677
51.3264 30.7695
51.3463 30.7712
51.3662 30.7729
51.3861 30.7746
51.406 30.7763
51.4259 30.778
51.4458 30.7797
51.4657 30.7814
51.4856 30.783
51.5054 30.7847
51.5253 30.7863
51.5452 30.7879
51.5651 30.7896
51.585 30.7912
51.6049 30.7928
51.6247 30.7943
51.6446 30.7959
51.6645 30.7975
51.6843 30.7991
51.7042 30.8006
51.7241 30.8021
51.7439 30.8037
51.7638 30.8052
51.7836 30.8067
51.8035 30.8082
51.8233 30.8097
51.8432 30.8112
51.863 30.8126
51.8829 30.8141
51.9027 30.8155
51.9226 30.817
51.9424 30.8184
51.9622 30.8198
51.9821 30.8212
52.0019 30.8226
52.0217 30.824
52.0415 30.8254
52.0614 30.8268
52.0812 30.8281
52.101 30.8295
52.1208 30.8308
52.1406 30.8322
52.1604 30.8335
52.1802 30.8348
52.2 30.8361
52.2199 30.8374
52.2397 30.8387
52.2594 30.8399
52.2792 30.8412
52.299 30.8424
52.3188 30.8437
52.3386 30.8449
52.3584 30.8461
52.3782 30.8473
52.398 30.8485
52.4177 30.8497
52.4375 30.8509
52.4573 30.8521
52.4771 30.8532
52.4968 30.8544
52.5166 30.8555
52.5364 30.8567
52.5561 30.8578
52.5759 30.8589
52.5956 30.86
52.6154 30.8611
52.6351 30.8622
52.6549 30.8632
52.6746 30.8643
52.6944 30.8654
52.7141 30.8664
52.7339 30.8674
52.7536 30.8685
52.7733 30.8695
52.7931 30.8705
52.8128 30.8715
52.8325 30.8724
52.8522 30.8734
52.872 30.8744
52.8917 30.8753
52.9114 30.8763
52.9311 30.8772
52.9508 30.8781
52.9705 30.879
52.9903 30.8799
53.01 30.8808
53.0297 30.8817
53.0494 30.8826
53.0691 30.8835
53.0888 30.8843
53.1085 30.8851
53.1281 30.886
53.1478 30.8868
53.1675 30.8876
53.1872 30.8884
53.2069 30.8892
53.2266 30.89
53.2462 30.8908
53.2659 30.8915
53.2856 30.8923
53.3053 30.893
53.3249 30.8938
53.3446 30.8945
53.3643 30.8952
53.3839 30.8959
53.4036 30.8966
53.4232 30.8973
53.4429 30.898
53.4625 30.8986
53.4822 30.8993
53.5018 30.8999
53.5215 30.9006
53.5411 30.9012
53.5608 30.9018
53.5804 30.9024
53.6 30.903
53.6197 30.9036
53.6393 30.9042
53.6589 30.9047
53.6785 30.9053
53.6982 30.9058
53.7178 30.9064
53.7374 30.9069
53.757 30.9074
53.7766 30.9079
53.7962 30.9084
53.8159 30.9089
53.8355 30.9094
53.8551 30.9099
53.8747 30.9103
53.8943 30.9108
53.9139 30.9112
53.9335 30.9116
53.953 30.9121
53.9726 30.9125
53.9922 30.9129
54.0118 30.9132
54.0314 30.9136
54.051 30.914
54.0706 30.9144
54.0901 30.9147
54.1097 30.915
54.1293 30.9154
54.1488 30.9157
54.1684 30.916
54.188 30.9163
54.2075 30.9166
54.2271 30.9169
54.2466 30.9171
54.2662 30.9174
54.2858 30.9177
54.3053 30.9179
54.3248 30.9181
54.3444 30.9184
54.3639 30.9186
54.3835 30.9188
54.403 30.919
54.4225 30.9191
54.4421 30.9193
54.4616 30.9195
54.4811 30.9196
54.5007 30.9198
54.5202 30.9199
54.5397 30.92
54.5592 30.9201
54.5787 30.9202
54.5983 30.9203
54.6178 30.9204
54.6373 30.9205
54.6568 30.9206
54.6763 30.9206
54.6958 30.9207
54.7153 30.9207
54.7348 30.9207
54.7543 30.9207
54.7738 30.9207
54.7933 30.9207
54.8128 30.9207
54.8323 30.9207
54.8517 30.9207
54.8712 30.9206
54.8907 30.9206
54.9102 30.9205
54.9296 30.9204
54.9491 30.9204
54.9686 30.9203
54.9881 30.9202
55.0075 30.92
55.027 30.9199
55.0464 30.9198
55.0659 30.9197
55.0854 30.9195
55.1048 30.9193
55.1243 30.9192
55.1437 30.919
55.1632 30.9188
55.1826 30.9186
55.202 30.9184
55.2215 30.9182
55.2409 30.9179
55.2604 30.9177
55.2798 30.9175
55.2992 30.9172
55.3186 30.9169
55.3381 30.9167
55.3575 30.9164
55.3769 30.9161
55.3963 30.9158
55.4158 30.9154
55.4352 30.9151
55.4546 30.9148
55.474 30.9144
55.4934 30.9141
55.5128 30.9137
55.5322 30.9133
55.5516 30.9129
55.571 30.9126
55.5904 30.9121
55.6098 30.9117
55.6292 30.9113
55.6486 30.9109
55.668 30.9104
55.6873 30.91
55.7067 30.9095
55.7261 30.909
55.7455 30.9086
55.7649 30.9081
55.7842 30.9076
55.8036 30.9071
55.823 30.9065
55.8423 30.906
55.8617 30.9055
55.8811 30.9049
55.9004 30.9043
55.9198 30.9038
55.9391 30.9032
55.9585 30.9026
55.9778 30.902
55.9972 30.9014
56.0165 30.9008
56.0359 30.9001
56.0552 30.8995
56.0745 30.8989
56.0939 30.8982
56.1132 30.8975
56.1325 30.8969
56.1519 30.8962
56.1712 30.8955
56.1905 30.8948
56.2098 30.894
56.2292 30.8933
56.2485 30.8926
56.2678 30.8918
56.2871 30.8911
56.3064 30.8903
56.3257 30.8895
56.345 30.8888
56.3643 30.888
56.3836 30.8872
56.4029 30.8864
56.4222 30.8855
56.4415 30.8847
56.4608 30.8839
56.4801 30.883
56.4994 30.8821
56.5187 30.8813
56.538 30.8804
56.5572 30.8795
56.5765 30.8786
56.5958 30.8777
56.6151 30.8768
56.6343 30.8758
56.6536 30.8749
56.6729 30.8739
56.6921 30.873
56.7114 30.872
56.7307 30.871
56.7499 30.8701
56.7692 30.8691
56.7884 30.868
56.8077 30.867
56.8269 30.866
56.8462 30.865
56.8654 30.8639
56.8847 30.8629
56.9039 30.8618
56.9231 30.8607
56.9424 30.8596
56.9616 30.8585
56.9808 30.8574
57.0001 30.8563
57.0193 30.8552
57.0385 30.8541
57.0577 30.8529
57.0769 30.8518
57.0962 30.8506
57.1154 30.8494
57.1346 30.8483
57.1538 30.8471
57.173 30.8459
57.1922 30.8447
57.2114 30.8434
57.2306 30.8422
57.2498 30.841
57.269 30.8397
57.2882 30.8385
57.3074 30.8372
57.3266 30.8359
57.3458 30.8346
57.365 30.8333
57.3841 30.832
57.4033 30.8307
57.4225 30.8294
57.4417 30.828
57.4608 30.8267
57.48 30.8253
57.4992 30.824
57.5184 30.8226
57.5375 30.8212
57.5567 30.8198
57.5758 30.8184
57.595 30.817
57.6142 30.8156
57.6333 30.8142
57.6525 30.8127
57.6716 30.8113
57.6908 30.8098
57.7099 30.8083
57.729 30.8069
57.7482 30.8054
57.7673 30.8039
57.7865 30.8024
57.8056 30.8008
57.8247 30.7993
57.8438 30.7978
57.863 30.7962
57.8821 30.7947
57.9012 30.7931
57.9203 30.7915
57.9394 30.7899
57.9586 30.7883
57.9777 30.7867
57.9968 30.7851
58.0159 30.7835
58.035 30.7819
58.0541 30.7802
58.0732 30.7786
58.0923 30.7769
58.1114 30.7752
58.1305 30.7735
58.1496 30.7719
58.1687 30.7701
58.1878 30.7684
58.2068 30.7667
58.2259 30.765
58.245 30.7632
58.2641 30.7615
58.2832 30.7597
58.3022 30.758
58.3213 30.7562
58.3404 30.7544
58.3595 30.7526
58.3785 30.7508
58.3976 30.749
58.4166 30.7472
58.4357 30.7453
58.4548 30.7435
58.4738 30.7416
58.4929 30.7398
58.5119 30.7379
58.531 30.736
58.55 30.7341
58.569 30.7322
58.5881 30.7303
58.6071 30.7284
58.6262 30.7264
58.6452 30.7245
58.6642 30.7225
58.6833 30.7206
58.7023 30.7186
58.7213 30.7166
58.7403 30.7146
58.7593 30.7126
58.7784 30.7106
58.7974 30.7086
58.8164 30.7066
58.8354 30.7046
58.8544 30.7025
58.8734 30.7005
58.8924 30.6984
58.9114 30.6963
58.9304 30.6942
58.9494 30.6921
58.9684 30.69
58.9874 30.6879
59.0064 30.6858
59.0254 30.6837
59.0444 30.6815
59.0634 30.6794
59.0824 30.6772
59.1013 30.675
59.1203 30.6729
59.1393 30.6707
59.1583 30.6685
59.1772 30.6663
59.1962 30.664
59.2152 30.6618
59.2341 30.6596
59.2531 30.6573
59.2721 30.6551
59.291 30.6528
59.31 30.6505
59.3289 30.6483
59.3479 30.646
59.3668 30.6437
59.3858 30.6413
59.4047 30.639
59.4237 30.6367
59.4426 30.6343
59.4615 30.632
59.4805 30.6296
59.4994 30.6273
59.5183 30.6249
59.5373 30.6225
59.5562 30.6201
59.5751 30.6177
59.594 30.6153
59.613 30.6128
59.6319 30.6104
59.6508 30.6079
59.6697 30.6055
59.6886 30.603
59.7075 30.6006
59.7264 30.5981
59.7453 30.5956
59.7642 30.5931
59.7831 30.5906
59.802 30.588
59.8209 30.5855
59.8398 30.583
59.8587 30.5804
59.8776 30.5778
59.8965 30.5753
59.9154 30.5727
59.9343 30.5701
59.9531 30.5675
59.972 30.5649
59.9909 30.5623
60.0098 30.5597
60.0286 30.557
60.0475 30.5544
60.0664 30.5517
60.0852 30.549
60.1041 30.5464
60.123 30.5437
60.1418 30.541
60.1607 30.5383
60.1795 30.5356
60.1984 30.5329
60.2172 30.5301
60.2361 30.5274
60.2549 30.5246
60.2738 30.5219
60.2926 30.5191
60.3114 30.5163
60.3303 30.5135
60.3491 30.5107
60.3679 30.5079
60.3868 30.5051
60.4056 30.5023
60.4244 30.4994
60.4432 30.4966
60.4621 30.4937
60.4809 30.4909
60.4997 30.488
60.5185 30.4851
60.5373 30.4822
60.5561 30.4793
60.5749 30.4764
60.5937 30.4735
60.6125 30.4706
60.6313 30.4676
60.6501 30.4647
60.6689 30.4617
60.6877 30.4588
60.7065 30.4558
60.7253 30.4528
60.7441 30.4498
60.7629 30.4468
60.7817 30.4438
60.8005 30.4407
60.8192 30.4377
60.838 30.4347
60.8568 30.4316
60.8756 30.4285
60.8943 30.4255
60.9131 30.4224
60.9319 30.4193
60.9506 30.4162
60.9694 30.4131
60.9881 30.41
61.0069 30.4068
61.0257 30.4037
61.0444 30.4006
61.0632 30.3974
61.0819 30.3942
61.1007 30.3911
61.1194 30.3879
61.1381 30.3847
61.1569 30.3815
61.1756 30.3783
61.1943 30.375
61.2131 30.3718
61.2318 30.3686
61.2505 30.3653
61.2693 30.362
61.288 30.3588
61.3067 30.3555
61.3254 30.3522
61.3441 30.3489
61.3629 30.3456
61.3816 30.3423
61.4003 30.339
61.419 30.3356
61.4377 30.3323
61.4564 30.3289
61.4751 30.3256
61.4938 30.3222
61.5125 30.3188
61.5312 30.3154
61.5499 30.312
61.5686 30.3086
61.5873 30.3052
61.606 30.3017
61.6246 30.2983
61.6433 30.2949
61.662 30.2914
61.6807 30.2879
61.6994 30.2844
61.718 30.281
61.7367 30.2775
61.7554 30.274
61.774 30.2704
61.7927 30.2669
61.8114 30.2634
61.83 30.2598
61.8487 30.2563
61.8673 30.2527
61.886 30.2492
61.9046 30.2456
61.9233 30.242
61.9419 30.2384
61.9606 30.2348
61.9792 30.2312
61.9979 30.2275
62.0165 30.2239
62.0352 30.2203
62.0538 30.2166
62.0724 30.2129
62.091 30.2093
62.1097 30.2056
62.1283 30.2019
62.1469 30.1982
62.1655 30.1945
62.1842 30.1907
62.2028 30.187
62.2214 30.1833
62.24 30.1795
62.2586 30.1758
62.2772 30.172
62.2958 30.1682
62.3144 30.1644
62.333 30.1606
62.3516 30.1568
62.3702 30.153
62.3888 30.1492
62.4074 30.1454
62.426 30.1415
62.4446 30.1377
62.4632 30.1338
62.4818 30.1299
62.5004 30.1261
62.5189 30.1222
62.5375 30.1183
62.5561 30.1144
62.5747 30.1104
62.5932 30.1065
62.6118 30.1026
62.6304 30.0986
62.6489 30.0947
62.6675 30.0907
62.6861 30.0867
62.7046 30.0828
62.7232 30.0788
62.7417 30.0748
62.7603 30.0707
62.7788 30.0667
62.7974 30.0627
62.8159 30.0587
62.8345 30.0546
62.853 30.0506
62.8715 30.0465
62.8901 30.0424
62.9086 30.0383
62.9272 30.0342
62.9457 30.0301
62.9642 30.026
62.9827 30.0219
63.0013 30.0178
63.0198 30.0136
63.0383 30.0095
63.0568 30.0053
63.0753 30.0011
63.0938 29.997
63.1124 29.9928
63.1309 29.9886
63.1494 29.9844
63.1679 29.9801
63.1864 29.9759
63.2049 29.9717
63.2234 29.9674
63.2419 29.9632
63.2604 29.9589
63.2789 29.9547
63.2973 29.9504
63.3158 29.9461
63.3343 29.9418
63.3528 29.9375
63.3713 29.9332
63.3898 29.9288
63.4082 29.9245
63.4267 29.9201
63.4452 29.9158
63.4636 29.9114
63.4821 29.907
63.5006 29.9027
63.519 29.8983
63.5375 29.8939
63.556 29.8895
63.5744 29.885
63.5929 29.8806
63.6113 29.8762
63.6298 29.8717
63.6482 29.8673
63.6667 29.8628
63.6851 29.8583
63.7036 29.8538
63.722 29.8493
63.7404 29.8448
63.7589 29.8403
63.7773 29.8358
63.7957 29.8313
63.8142 29.8267
63.8326 29.8222
63.851 29.8176
63.8694 29.813
63.8879 29.8085
63.9063 29.8039
63.9247 29.7993
63.9431 29.7947
63.9615 29.7901
63.9799 29.7854
63.9983 29.7808
64.0167 29.7762
64.0351 29.7715
64.0535 29.7668
64.0719 29.7622
64.0903 29.7575
64.1087 29.7528
64.1271 29.7481
64.1455 29.7434
64.1639 29.7387
64.1823 29.734
64.2007 29.7292
64.2191 29.7245
64.2374 29.7197
64.2558 29.715
64.2742 29.7102
64.2926 29.7054
64.3109 29.7006
64.3293 29.6958
64.3477 29.691
64.366 29.6862
64.3844 29.6814
64.4028 29.6765
64.4211 29.6717
64.4395 29.6668
64.4578 29.662
64.4762 29.6571
64.4945 29.6522
64.5129 29.6473
64.5312 29.6424
64.5496 29.6375
64.5679 29.6326
64.5862 29.6276
64.6046 29.6227
64.6229 29.6178
64.6412 29.6128
64.6596 29.6078
64.6779 29.6029
64.6962 29.5979
64.7145 29.5929
64.7329 29.5879
64.7512 29.5829
64.7695 29.5778
64.7878 29.5728
64.8061 29.5678
64.8244 29.5627
64.8428 29.5577
64.8611 29.5526
64.8794 29.5475
64.8977 29.5424
64.916 29.5373
64.9343 29.5322
64.9526 29.5271
64.9709 29.522
64.9891 29.5169
65.0074 29.5117
65.0257 29.5066
65.044 29.5014
65.0623 29.4962
65.0806 29.4911
65.0988 29.4859
65.1171 29.4807
65.1354 29.4755
65.1537 29.4703
65.1719 29.465
65.1902 29.4598
65.2085 29.4546
65.2267 29.4493
65.245 29.444
65.2633 29.4388
65.2815 29.4335
65.2998 29.4282
65.318 29.4229
65.3363 29.4176
65.3545 29.4123
65.3728 29.407
65.391 29.4016
65.4093 29.3963
65.4275 29.3909
65.4457 29.3856
65.464 29.3802
65.4822 29.3748
65.5004 29.3694
65.5187 29.364
65.5369 29.3586
65.5551 29.3532
65.5733 29.3478
65.5916 29.3423
65.6098 29.3369
65.628 29.3314
65.6462 29.326
65.6644 29.3205
65.6826 29.315
65.7009 29.3095
65.7191 29.304
65.7373 29.2985
65.7555 29.293
65.7737 29.2875
65.7919 29.2819
65.8101 29.2764
65.8283 29.2708
65.8464 29.2653
65.8646 29.2597
65.8828 29.2541
65.901 29.2485
65.9192 29.2429
65.9374 29.2373
65.9555 29.2317
65.9737 29.2261
65.9919 29.2204
66.0101 29.2148
66.0282 29.2091
66.0464 29.2035
66.0646 29.1978
66.0827 29.1921
66.1009 29.1864
66.1191 29.1807
66.1372 29.175
66.1554 29.1693
66.1735 29.1636
66.1917 29.1578
66.2098 29.1521
66.228 29.1463
66.2461 29.1406
66.2643 29.1348
66.2824 29.129
66.3005 29.1232
66.3187 29.1174
66.3368 29.1116
66.3549 29.1058
66.3731 29.1
66.3912 29.0941
66.4093 29.0883
66.4274 29.0824
66.4456 29.0766
66.4637 29.0707
66.4818 29.0648
66.4999 29.0589
66.518 29.053
66.5361 29.0471
66.5542 29.0412
66.5724 29.0352
66.5905 29.0293
66.6086 29.0234
66.6267 29.0174
66.6448 29.0114
66.6629 29.0055
66.6809 28.9995
66.699 28.9935
66.7171 28.9875
66.7352 28.9815
66.7533 28.9755
66.7714 28.9694
66.7895 28.9634
66.8075 28.9573
66.8256 28.9513
66.8437 28.9452
66.8618 28.9392
66.8798 28.9331
66.8979 28.927
66.916 28.9209
66.934 28.9148
66.9521 28.9086
66.9702 28.9025
66.9882 28.8964
67.0063 28.8902
67.0243 28.8841
67.0424 28.8779
67.0604 28.8717
67.0785 28.8656
67.0965 28.8594
67.1146 28.8532
67.1326 28.847
67.1506 28.8407
67.1687 28.8345
67.1867 28.8283
67.2047 28.822
67.2228 28.8158
67.2408 28.8095
67.2588 28.8032
67.2768 28.7969
67.2949 28.7907
67.3129 28.7843
67.3309 28.778
67.3489 28.7717
67.3669 28.7654
67.3849 28.7591
67.4029 28.7527
67.421 28.7464
67.439 28.74
67.457 28.7336
67.475 28.7272
67.493 28.7208
67.511 28.7144
67.529 28.708
67.5469 28.7016
67.5649 28.6952
67.5829 28.6887
67.6009 28.6823
67.6189 28.6758
67.6369 28.6694
67.6549 28.6629
67.6728 28.6564
67.6908 28.6499
67.7088 28.6434
67.7267 28.6369
67.7447 28.6304
67.7627 28.6239
67.7806 28.6173
67.7986 28.6108
67.8166 28.6042
67.8345 28.5977
67.8525 28.5911
67.8704 28.5845
67.8884 28.5779
67.9063 28.5713
67.9243 28.5647
67.9422 28.5581
67.9602 28.5515
67.9781 28.5449
67.9961 28.5382
68.014 28.5316
68.0319 28.5249
68.0499 28.5182
68.0678 28.5115
68.0857 28.5048
68.1036 28.4982
68.1216 28.4914
68.1395 28.4847
68.1574 28.478
68.1753 28.4713
68.1932 28.4645
68.2112 28.4578
68.2291 28.451
68.247 28.4442
68.2649 28.4375
68.2828 28.4307
68.3007 28.4239
68.3186 28.4171
68.3365 28.4102
68.3544 28.4034
68.3723 28.3966
68.3902 28.3897
68.4081 28.3829
68.426 28.376
68.4438 28.3692
68.4617 28.3623
68.4796 28.3554
68.4975 28.3485
68.5154 28.3416
68.5332 28.3347
68.5511 28.3278
68.569 28.3208
68.5869 28.3139
68.6047 28.3069
68.6226 28.3
68.6405 28.293
68.6583 28.286
68.6762 28.279
68.694 28.272
68.7119 28.265
68.7297 28.258
68.7476 28.251
68.7654 28.244
68.7833 28.2369
68.8011 28.2299
68.819 28.2228
68.8368 28.2158
68.8547 28.2087
68.8725 28.2016
68.8903 28.1945
68.9082 28.1874
68.926 28.1803
68.9438 28.1732
68.9616 28.166
68.9795 28.1589
68.9973 28.1518
69.0151 28.1446
69.0329 28.1374
69.0507 28.1303
69.0685 28.1231
69.0864 28.1159
69.1042 28.1087
69.122 28.1015
69.1398 28.0942
69.1576 28.087
69.1754 28.0798
69.1932 28.0725
69.211 28.0653
69.2288 28.058
69.2466 28.0507
69.2643 28.0435
69.2821 28.0362
69.2999 28.0289
69.3177 28.0216
69.3355 28.0142
69.3533 28.0069
69.371 27.9996
69.3888 27.9922
69.4066 27.9849
69.4244 27.9775
69.4421 27.9701
69.4599 27.9628
69.4777 27.9554
69.4954 27.948
69.5132 27.9406
69.5309 27.9332
69.5487 27.9257
69.5664 27.9183
69.5842 27.9109
69.6019 27.9034
69.6197 27.8959
69.6374 27.8885
69.6552 27.881
69.6729 27.8735
69.6907 27.866
69.7084 27.8585
69.7261 27.851
69.7439 27.8435
69.7616 27.8359
69.7793 27.8284
69.797 27.8208
69.8148 27.8133
69.8325 27.8057
69.8502 27.7981
69.8679 27.7906
69.8857 27.783
69.9034 27.7754
69.9211 27.7678
69.9388 27.7601
69.9565 27.7525
69.9742 27.7449
69.9919 27.7372
70.0096 27.7296
70.0273 27.7219
70.045 27.7142
70.0627 27.7065
70.0804 27.6988
70.0981 27.6911
70.1158 27.6834
70.1335 27.6757
70.1511 27.668
70.1688 27.6602
70.1865 27.6525
70.2042 27.6447
70.2219 27.637
70.2395 27.6292
70.2572 27.6214
70.2749 27.6136
70.2925 27.6058
70.3102 27.598
70.3279 27.5902
70.3455 27.5824
70.3632 27.5746
70.3808 27.5667
70.3985 27.5589
70.4162 27.551
70.4338 27.5431
70.4515 27.5353
70.4691 27.5274
70.4867 27.5195
70.5044 27.5116
70.522 27.5037
70.5397 27.4957
70.5573 27.4878
70.5749 27.4799
70.5926 27.4719
70.6102 27.464
70.6278 27.456
70.6454 27.448
70.6631 27.44
70.6807 27.432
70.6983 27.424
70.7159 27.416
70.7335 27.408
70.7512 27.4
70.7688 27.3919
70.7864 27.3839
70.804 27.3758
70.8216 27.3678
70.8392 27.3597
70.8568 27.3516
70.8744 27.3435
70.892 27.3354
70.9096 27.3273
70.9272 27.3192
70.9448 27.3111
70.9624 27.3029
70.9799 27.2948
70.9975 27.2866
71.0151 27.2785
71.0327 27.2703
71.0503 27.2621
71.0678 27.2539
71.0854 27.2457
71.103 27.2375
71.1205 27.2293
71.1381 27.2211
71.1557 27.2129
71.1732 27.2046
71.1908 27.1964
71.2084 27.1881
71.2259 27.1798
71.2435 27.1716
71.261 27.1633
71.2786 27.155
71.2961 27.1467
71.3137 27.1384
71.3312 27.1301
71.3488 27.1217
71.3663 27.1134
71.3838 27.105
71.4014 27.0967
71.4189 27.0883
71.4364 27.08
71.454 27.0716
71.4715 27.0632
71.489 27.0548
71.5065 27.0464
71.5241 27.038
71.5416 27.0295
71.5591 27.0211
71.5766 27.0127
71.5941 27.0042
71.6116 26.9957
71.6291 26.9873
71.6466 26.9788
71.6641 26.9703
71.6816 26.9618
71.6991 26.9533
71.7166 26.9448
71.7341 26.9363
71.7516 26.9277
71.7691 26.9192
71.7866 26.9106
71.8041 26.9021
71.8216 26.8935
71.8391 26.8849
71.8566 26.8764
71.874 26.8678
71.8915 26.8592
71.909 26.8506
71.9265 26.8419
71.9439 26.8333
71.9614 26.8247
71.9789 26.816
71.9963 26.8074
72.0138 26.7987
72.0312 26.79
72.0487 26.7814
72.0662 26.7727
72.0836 26.764
72.1011 26.7553
72.1185 26.7466
72.136 26.7378
72.1534 26.7291
72.1709 26.7204
72.1883 26.7116
72.2057 26.7028
72.2232 26.6941
72.2406 26.6853
72.258 26.6765
72.2755 26.6677
72.2929 26.6589
72.3103 26.6501
72.3277 26.6413
72.3452 26.6325
72.3626 26.6236
72.38 26.6148
72.3974 26.6059
72.4148 26.5971
72.4323 26.5882
72.4497 26.5793
72.4671 26.5704
72.4845 26.5615
72.5019 26.5526
72.5193 26.5437
72.5367 26.5348
72.5541 26.5258
72.5715 26.5169
72.5889 26.5079
72.6063 26.499
72.6236 26.49
72.641 26.481
72.6584 26.472
72.6758 26.463
72.6932 26.454
72.7106 26.445
72.7279 26.436
72.7453 26.427
72.7627 26.4179
72.7801 26.4089
72.7974 26.3998
72.8148 26.3908
72.8321 26.3817
72.8495 26.3726
72.8669 26.3635
72.8842 26.3544
72.9016 26.3453
72.9189 26.3362
72.9363 26.3271
72.9536 26.3179
72.971 26.3088
72.9883 26.2996
73.0057 26.2905
73.023 26.2813
73.0404 26.2721
73.0577 26.263
73.075 26.2538
73.0924 26.2446
73.1097 26.2353
73.127 26.2261
73.1443 26.2169
73.1617 26.2077
73.179 26.1984
73.1963 26.1892
73.2136 26.1799
73.2309 26.1706
73.2483 26.1613
73.2656 26.152
73.2829 26.1427
73.3002 26.1334
73.3175 26.1241
73.3348 26.1148
73.3521 26.1055
73.3694 26.0961
73.3867 26.0868
73.404 26.0774
73.4213 26.068
73.4386 26.0587
73.4559 26.0493
73.4731 26.0399
73.4904 26.0305
73.5077 26.0211
73.525 26.0116
73.5423 26.0022
73.5595 25.9928
73.5768 25.9833
73.5941 25.9739
73.6114 25.9644
73.6286 25.9549
73.6459 25.9455
73.6631 25.936
73.6804 25.9265
73.6977 25.917
73.7149 25.9074
73.7322 25.8979
73.7494 25.8884
73.7667 25.8788
73.7839 25.8693
73.8012 25.8597
73.8184 25.8502
73.8357 25.8406
73.8529 25.831
73.8701 25.8214
73.8874 25.8118
73.9046 25.8022
73.9218 25.7926
73.9391 25.7829
73.9563 25.7733
73.9735 25.7637
73.9908 25.754
74.008 25.7444
74.0252 25.7347
74.0424 25.725
74.0596 25.7153
74.0768 25.7056
74.0941 25.6959
74.1113 25.6862
74.1285 25.6765
74.1457 25.6667
74.1629 25.657
74.1801 25.6472
74.1973 25.6375
74.2145 25.6277
74.2317 25.618
74.2489 25.6082
74.266 25.5984
74.2832 25.5886
74.3004 25.5788
74.3176 25.5689
74.3348 25.5591
74.352 25.5493
74.3691 25.5394
74.3863 25.5296
74.4035 25.5197
74.4207 25.5099
74.4378 25.5
74.455 25.4901
74.4722 25.4802
74.4893 25.4703
74.5065 25.4604
74.5236 25.4505
74.5408 25.4405
74.558 25.4306
74.5751 25.4207
74.5923 25.4107
74.6094 25.4007
74.6266 25.3908
74.6437 25.3808
74.6608 25.3708
74.678 25.3608
74.6951 25.3508
74.7123 25.3408
74.7294 25.3307
74.7465 25.3207
74.7636 25.3107
74.7808 25.3006
74.7979 25.2906
74.815 25.2805
74.8321 25.2704
74.8493 25.2603
74.8664 25.2502
74.8835 25.2401
74.9006 25.23
74.9177 25.2199
74.9348 25.2098
74.9519 25.1997
74.969 25.1895
74.9861 25.1794
75.0032 25.1692
75.0203 25.159
75.0374 25.1488
75.0545 25.1387
75.0716 25.1285
75.0887 25.1183
75.1058 25.1081
75.1229 25.0978
75.14 25.0876
75.157 25.0774
75.1741 25.0671
75.1912 25.0569
75.2083 25.0466
75.2253 25.0363
75.2424 25.026
75.2595 25.0158
75.2766 25.0055
75.2936 24.9952
75.3107 24.9848
75.3277 24.9745
75.3448 24.9642
75.3619 24.9538
75.3789 24.9435
75.396 24.9331
75.413 24.9228
75.4301 24.9124
75.4471 24.902
75.4641 24.8916
75.4812 24.8812
75.4982 24.8708
75.5153 24.8604
75.5323 24.85
75.5493 24.8395
75.5664 24.8291
75.5834 24.8186
75.6004 24.8082
75.6174 24.7977
75.6345 24.7872
75.6515 24.7768
75.6685 24.7663
75.6855 24.7558
75.7025 24.7452
75.7196 24.7347
75.7366 24.7242
75.7536 24.7137
75.7706 24.7031
75.7876 24.6926
75.8046 24.682
75.8216 24.6714
75.8386 24.6609
75.8556 24.6503
75.8726 24.6397
75.8896 24.6291
75.9065 24.6185
75.9235 24.6078
75.9405 24.5972
75.9575 24.5866
75.9745 24.5759
75.9915 24.5653
76.0084 24.5546
76.0254 24.5439
76.0424 24.5332
76.0594 24.5226
76.0763 24.5119
76.0933 24.5012
76.1103 24.4904
76.1272 24.4797
76.1442 24.469
76.1611 24.4582
76.1781 24.4475
76.195 24.4367
76.212 24.426
76.2289 24.4152
76.2459 24.4044
76.2628 24.3936
76.2798 24.3828
76.2967 24.372
76.3137 24.3612
76.3306 24.3504
76.3475 24.3395
76.3645 24.3287
76.3814 24.3179
76.3983 24.307
76.4152 24.2961
76.4322 24.2852
76.4491 24.2744
76.466 24.2635
76.4829 24.2526
76.4998 24.2417
76.5168 24.2307
76.5337 24.2198
76.5506 24.2089
76.5675 24.1979
76.5844 24.187
76.6013 24.176
76.6182 24.1651
76.6351 24.1541
76.652 24.1431
76.6689 24.1321
76.6858 24.1211
76.7027 24.1101
76.7196 24.0991
76.7364 24.088
76.7533 24.077
76.7702 24.066
76.7871 24.0549
76.804 24.0439
76.8208 24.0328
76.8377 24.0217
76.8546 24.0106
76.8715 23.9995
76.8883 23.9884
76.9052 23.9773
76.9221 23.9662
76.9389 23.9551
76.9558 23.9439
76.9726 23.9328
76.9895 23.9216
77.0063 23.9105
77.0232 23.8993
77.04 23.8881
77.0569 23.8769
77.0737 23.8657
77.0906 23.8545
77.1074 23.8433
77.1243 23.8321
77.1411 23.8209
77.1579 23.8096
77.1748 23.7984
77.1916 23.7871
77.2084 23.7759
77.2252 23.7646
77.2421 23.7533
77.2589 23.742
77.2757 23.7307
77.2925 23.7194
77.3093 23.7081
77.3262 23.6968
77.343 23.6855
77.3598 23.6741
77.3766 23.6628
77.3934 23.6514
77.4102 23.64
77.427 23.6287
77.4438 23.6173
77.4606 23.6059
77.4774 23.5945
77.4942 23.5831
77.511 23.5717
77.5277 23.5603
77.5445 23.5488
77.5613 23.5374
77.5781 23.526
77.5949 23.5145
77.6117 23.503
77.6284 23.4916
77.6452 23.4801
77.662 23.4686
77.6787 23.4571
77.6955 23.4456
77.7123 23.4341
77.729 23.4225
77.7458 23.411
77.7626 23.3995
77.7793 23.3879
77.7961 23.3764
77.8128 23.3648
77.8296 23.3532
77.8463 23.3417
77.8631 23.3301
77.8798 23.3185
77.8965 23.3069
77.9133 23.2952
77.93 23.2836
77.9468 23.272
77.9635 23.2604
77.9802 23.2487
77.997 23.237
78.0137 23.2254
78.0304 23.2137
78.0471 23.202
78.0638 23.1903
78.0806 23.1786
78.0973 23.1669
78.114 23.1552
78.1307 23.1435
78.1474 23.1318
78.1641 23.12
78.1808 23.1083
78.1975 23.0965
78.2142 23.0848
78.2309 23.073
78.2476 23.0612
78.2643 23.0494
78.281 23.0376
78.2977 23.0258
78.3144 23.014
78.3311 23.0022
78.3478 22.9903
78.3645 22.9785
78.3811 22.9667
78.3978 22.9548
78.4145 22.9429
78.4312 22.9311
78.4478 22.9192
78.4645 22.9073
78.4812 22.8954
78.4978 22.8835
78.5145 22.8716
78.5312 22.8597
78.5478 22.8477
78.5645 22.8358
78.5811 22.8238
78.5978 22.8119
78.6145 22.7999
78.6311 22.7879
78.6477 22.776
78.6644 22.764
78.681 22.752
78.6977 22.74
78.7143 22.728
78.731 22.7159
78.7476 22.7039
78.7642 22.6919
78.7809 22.6798
78.7975 22.6678
78.8141 22.6557
78.8307 22.6436
78.8474 22.6316
78.864 22.6195
78.8806 22.6074
78.8972 22.5953
78.9138 22.5831
78.9304 22.571
78.947 22.5589
78.9636 22.5468
78.9803 22.5346
78.9969 22.5225
79.0135 22.5103
79.0301 22.4981
79.0467 22.4859
79.0632 22.4738
79.0798 22.4616
79.0964 22.4494
79.113 22.4371
79.1296 22.4249
79.1462 22.4127
79.1628 22.4005
79.1794 22.3882
79.1959 22.376
79.2125 22.3637
79.2291 22.3514
79.2456 22.3392
79.2622 22.3269
79.2788 22.3146
79.2954 22.3023
79.3119 22.29
79.3285 22.2776
79.345 22.2653
79.3616 22.253
79.3781 22.2406
79.3947 22.2283
79.4112 22.2159
79.4278 22.2036
79.4443 22.1912
79.4609 22.1788
79.4774 22.1664
79.494 22.154
79.5105 22.1416
79.527 22.1292
79.5436 22.1167
79.5601 22.1043
79.5766 22.0919
79.5932 22.0794
79.6097 22.067
79.6262 22.0545
79.6427 22.042
79.6593 22.0295
79.6758 22.017
79.6923 22.0045
79.7088 21.992
79.7253 21.9795
79.7418 21.967
79.7583 21.9545
79.7748 21.9419
79.7913 21.9294
79.8078 21.9168
79.8243 21.9042
79.8408 21.8917
79.8573 21.8791
79.8738 21.8665
79.8903 21.8539
79.9068 21.8413
79.9233 21.8287
79.9398 21.8161
79.9562 21.8034
79.9727 21.7908
79.9892 21.7781
80.0057 21.7655
80.0221 21.7528
80.0386 21.7401
80.0551 21.7275
80.0715 21.7148
80.088 21.7021
80.1045 21.6894
80.1209 21.6767
80.1374 21.6639
80.1538 21.6512
80.1703 21.6385
80.1867 21.6257
80.2032 21.613
80.2196 21.6002
80.2361 21.5874
80.2525 21.5747
80.269 21.5619
80.2854 21.5491
80.3018 21.5363
80.3183 21.5235
80.3347 21.5106
80.3511 21.4978
80.3676 21.485
80.384 21.4721
80.4004 21.4593
80.4168 21.4464
80.4333 21.4336
80.4497 21.4207
80.4661 21.4078
80.4825 21.3949
80.4989 21.382
80.5153 21.3691
80.5317 21.3562
80.5481 21.3433
80.5645 21.3303
80.5809 21.3174
80.5973 21.3044
80.6137 21.2915
80.6301 21.2785
80.6465 21.2655
80.6629 21.2525
80.6793 21.2396
80.6957 21.2266
80.7121 21.2136
80.7285 21.2005
80.7448 21.1875
80.7612 21.1745
80.7776 21.1614
80.794 21.1484
80.8103 21.1353
80.8267 21.1223
80.8431 21.1092
80.8594 21.0961
80.8758 21.083
80.8922 21.0699
80.9085 21.0568
80.9249 21.0437
80.9412 21.0306
80.9576 21.0175
80.9739 21.0043
80.9903 20.9912
81.0066 20.978
81.023 20.9649
81.0393 20.9517
81.0557 20.9385
81.072 20.9254
81.0883 20.9122
81.1047 20.899
81.121 20.8858
81.1373 20.8725
81.1537 20.8593
81.17 20.8461
81.1863 20.8328
81.2026 20.8196
81.2189 20.8063
81.2353 20.7931
81.2516 20.7798
81.2679 20.7665
81.2842 20.7532
81.3005 20.7399
81.3168 20.7266
81.3331 20.7133
81.3494 20.7
81.3657 20.6866
81.382 20.6733
81.3983 20.66
81.4146 20.6466
81.4309 20.6332
81.4472 20.6199
81.4635 20.6065
81.4797 20.5931
81.496 20.5797
81.5123 20.5663
81.5286 20.5529
81.5449 20.5395
81.5611 20.5261
81.5774 20.5126
81.5937 20.4992
81.6099 20.4857
81.6262 20.4723
81.6425 20.4588
81.6587 20.4453
81.675 20.4318
81.6913 20.4183
81.7075 20.4048
81.7238 20.3913
81.74 20.3778
81.7563 20.3643
81.7725 20.3508
81.7888 20.3372
81.805 20.3237
81.8212 20.3101
81.8375 20.2966
81.8537 20.283
81.8699 20.2694
81.8862 20.2558
81.9024 20.2422
81.9186 20.2286
81.9349 20.215
81.9511 20.2014
81.9673 20.1878
81.9835 20.1741
81.9997 20.1605
82.016 20.1468
82.0322 20.1332
82.0484 20.1195
82.0646 20.1058
82.0808 20.0921
82.097 20.0784
82.1132 20.0647
82.1294 20.051
82.1456 20.0373
82.1618 20.0236
82.178 20.0099
82.1942 19.9961
82.2104 19.9824
82.2266 19.9686
82.2427 19.9549
82.2589 19.9411
82.2751 19.9273
82.2913 19.9135
82.3075 19.8997
82.3236 19.8859
82.3398 19.8721
82.356 19.8583
82.3722 19.8445
82.3883 19.8306
82.4045 19.8168
82.4206 19.8029
82.4368 19.7891
82.453 19.7752
82.4691 19.7613
82.4853 19.7474
82.5014 19.7335
82.5176 19.7196
82.5337 19.7057
82.5499 19.6918
82.566 19.6779
82.5821 19.664
82.5983 19.65
82.6144 19.6361
82.6306 19.6221
82.6467 19.6081
82.6628 19.5942
82.6789 19.5802
82.6951 19.5662
82.7112 19.5522
82.7273 19.5382
82.7434 19.5242
82.7596 19.5102
82.7757 19.4962
82.7918 19.4821
82.8079 19.4681
82.824 19.454
82.8401 19.44
82.8562 19.4259
82.8723 19.4118
82.8884 19.3977
82.9045 19.3836
82.9206 19.3695
82.9367 19.3554
82.9528 19.3413
82.9689 19.3272
82.985 19.3131
83.0011 19.2989
83.0172 19.2848
83.0332 19.2706
83.0493 19.2565
83.0654 19.2423
83.0815 19.2281
83.0975 19.2139
83.1136 19.1997
83.1297 19.1855
83.1457 19.1713
83.1618 19.1571
83.1779 19.1429
83.1939 19.1286
83.21 19.1144
83.226 19.1002
83.2421 19.0859
83.2582 19.0716
83.2742 19.0574
83.2902 19.0431
83.3063 19.0288
83.3223 19.0145
83.3384 19.0002
83.3544 18.9859
83.3705 18.9715
83.3865 18.9572
83.4025 18.9429
83.4186 18.9285
83.4346 18.9142
83.4506 18.8998
83.4666 18.8855
83.4827 18.8711
83.4987 18.8567
83.5147 18.8423
83.5307 18.8279
83.5467 18.8135
83.5627 18.7991
83.5787 18.7847
83.5947 18.7702
83.6108 18.7558
83.6268 18.7413
83.6428 18.7269
83.6588 18.7124
83.6748 18.6979
83.6907 18.6835
83.7067 18.669
83.7227 18.6545
83.7387 18.64
83.7547 18.6255
83.7707 18.611
83.7867 18.5964
83.8026 18.5819
83.8186 18.5674
83.8346 18.5528
83.8506 18.5382
83.8665 18.5237
83.8825 18.5091
83.8985 18.4945
83.9144 18.4799
83.9304 18.4653
83.9464 18.4507
83.9623 18.4361
83.9783 18.4215
83.9942 18.4069
84.0102 18.3922
84.0261 18.3776
84.0421 18.3629
84.058 18.3483
84.074 18.3336
84.0899 18.3189
84.1059 18.3043
84.1218 18.2896
84.1377 18.2749
84.1537 18.2602
84.1696 18.2454
84.1855 18.2307
84.2014 18.216
84.2174 18.2013
84.2333 18.1865
84.2492 18.1718
84.2651 18.157
84.281 18.1422
84.297 18.1274
84.3129 18.1127
84.3288 18.0979
84.3447 18.0831
84.3606 18.0683
84.3765 18.0534
84.3924 18.0386
84.4083 18.0238
84.4242 18.0089
84.4401 17.9941
84.456 17.9792
84.4719 17.9644
84.4878 17.9495
84.5036 17.9346
84.5195 17.9197
84.5354 17.9049
84.5513 17.8899
84.5672 17.875
84.583 17.8601
84.5989 17.8452
84.6148 17.8303
84.6307 17.8153
84.6465 17.8004
84.6624 17.7854
84.6783 17.7705
84.6941 17.7555
84.71 17.7405
84.7258 17.7255
84.7417 17.7105
84.7575 17.6955
84.7734 17.6805
84.7892 17.6655
84.8051 17.6505
84.8209 17.6354
84.8368 17.6204
84.8526 17.6053
84.8684 17.5903
84.8843 17.5752
84.9001 17.5601
84.9159 17.545
84.9318 17.53
84.9476 17.5149
84.9634 17.4998
84.9792 17.4846
84.9951 17.4695
85.0109 17.4544
85.0267 17.4393
85.0425 17.4241
85.0583 17.409
85.0741 17.3938
85.0899 17.3786
85.1057 17.3635
85.1215 17.3483
85.1373 17.3331
85.1531 17.3179
85.1689 17.3027
85.1847 17.2875
85.2005 17.2723
85.2163 17.257
85.2321 17.2418
85.2479 17.2265
85.2637 17.2113
85.2794 17.196
85.2952 17.1808
85.311 17.1655
85.3268 17.1502
85.3426 17.1349
85.3583 17.1196
85.3741 17.1043
85.3899 17.089
85.4056 17.0737
85.4214 17.0584
85.4371 17.043
85.4529 17.0277
85.4687 17.0123
85.4844 16.997
85.5002 16.9816
85.5159 16.9662
85.5317 16.9508
85.5474 16.9354
85.5632 16.92
85.5789 16.9046
85.5946 16.8892
85.6104 16.8738
85.6261 16.8584
85.6418 16.8429
85.6576 16.8275
85.6733 16.812
85.689 16.7966
85.7047 16.7811
85.7205 16.7656
85.7362 16.7501
85.7519 16.7347
85.7676 16.7192
85.7833 16.7036
85.799 16.6881
85.8148 16.6726
85.8305 16.6571
85.8462 16.6415
85.8619 16.626
85.8776 16.6104
85.8933 16.5949
85.909 16.5793
85.9247 16.5637
85.9403 16.5482
85.956 16.5326
85.9717 16.517
85.9874 16.5014
86.0031 16.4858
86.0188 16.4701
86.0345 16.4545
86.0501 16.4389
86.0658 16.4232
86.0815 16.4076
86.0971 16.3919
86.1128 16.3762
86.1285 16.3606
86.1441 16.3449
86.1598 16.3292
86.1755 16.3135
86.1911 16.2978
86.2068 16.2821
86.2224 16.2663
86.2381 16.2506
86.2537 16.2349
86.2694 16.2191
86.285 16.2034
86.3007 16.1876
86.3163 16.1719
86.3319 16.1561
86.3476 16.1403
86.3632 16.1245
86.3788 16.1087
86.3945 16.0929
86.4101 16.0771
86.4257 16.0613
86.4414 16.0454
86.457 16.0296
86.4726 16.0138
86.4882 15.9979
86.5038 15.9821
86.5194 15.9662
86.5351 15.9503
86.5507 15.9344
86.5663 15.9185
86.5819 15.9026
86.5975 15.8867
86.6131 15.8708
86.6287 15.8549
86.6443 15.839
86.6599 15.8231
86.6755 15.8071
86.691 15.7912
86.7066 15.7752
86.7222 15.7592
86.7378 15.7433
86.7534 15.7273
86.769 15.7113
86.7845 15.6953
86.8001 15.6793
86.8157 15.6633
86.8312 15.6473
86.8468 15.6312
86.8624 15.6152
86.8779 15.5992
86.8935 15.5831
86.9091 15.5671
86.9246 15.551
86.9402 15.5349
86.9557 15.5188
86.9713 15.5028
86.9868 15.4867
87.0024 15.4706
87.0179 15.4544
87.0335 15.4383
87.049 15.4222
87.0645 15.4061
87.0801 15.3899
87.0956 15.3738
87.1111 15.3576
87.1267 15.3415
87.1422 15.3253
87.1577 15.3091
87.1732 15.2929
87.1888 15.2767
87.2043 15.2605
87.2198 15.2443
87.2353 15.2281
87.2508 15.2119
87.2663 15.1957
87.2818 15.1794
87.2973 15.1632
87.3128 15.1469
87.3284 15.1307
87.3439 15.1144
87.3593 15.0981
87.3748 15.0818
87.3903 15.0655
87.4058 15.0492
87.4213 15.0329
87.4368 15.0166
87.4523 15.0003
87.4678 14.984
87.4832 14.9676
87.4987 14.9513
87.5142 14.9349
87.5297 14.9186
87.5451 14.9022
87.5606 14.8858
87.5761 14.8695
87.5915 14.8531
87.607 14.8367
87.6225 14.8203
87.6379 14.8039
87.6534 14.7874
87.6688 14.771
87.6843 14.7546
87.6997 14.7381
87.7152 14.7217
87.7306 14.7052
87.7461 14.6888
87.7615 14.6723
87.777 14.6558
87.7924 14.6393
87.8078 14.6228
87.8233 14.6063
87.8387 14.5898
87.8541 14.5733
87.8695 14.5568
87.885 14.5402
87.9004 14.5237
87.9158 14.5072
87.9312 14.4906
87.9466 14.474
87.9621 14.4575
87.9775 14.4409
87.9929 14.4243
88.0083 14.4077
88.0237 14.3911
88.0391 14.3745
88.0545 14.3579
88.0699 14.3413
88.0853 14.3246
88.1007 14.308
88.1161 14.2914
88.1315 14.2747
88.1468 14.2581
88.1622 14.2414
88.1776 14.2247
88.193 14.208
88.2084 14.1913
88.2238 14.1746
88.2391 14.1579
88.2545 14.1412
88.2699 14.1245
88.2852 14.1078
88.3006 14.0911
88.316 14.0743
88.3313 14.0576
88.3467 14.0408
88.362 14.024
88.3774 14.0073
88.3928 13.9905
88.4081 13.9737
88.4235 13.9569
88.4388 13.9401
88.4541 13.9233
88.4695 13.9065
88.4848 13.8897
88.5002 13.8728
88.5155 13.856
88.5308 13.8392
88.5462 13.8223
88.5615 13.8054
88.5768 13.7886
88.5922 13.7717
88.6075 13.7548
88.6228 13.7379
88.6381 13.721
88.6534 13.7041
88.6687 13.6872
88.6841 13.6703
88.6994 13.6534
88.7147 13.6364
88.73 13.6195
88.7453 13.6025
88.7606 13.5856
88.7759 13.5686
88.7912 13.5516
88.8065 13.5347
88.8218 13.5177
88.8371 13.5007
88.8523 13.4837
88.8676 13.4667
88.8829 13.4497
88.8982 13.4326
88.9135 13.4156
88.9288 13.3986
88.944 13.3815
88.9593 13.3645
88.9746 13.3474
88.9898 13.3303
89.0051 13.3133
89.0204 13.2962
89.0356 13.2791
89.0509 13.262
89.0662 13.2449
89.0814 13.2278
89.0967 13.2106
89.1119 13.1935
89.1272 13.1764
89.1424 13.1592
89.1577 13.1421
89.1729 13.1249
89.1882 13.1078
89.2034 13.0906
89.2186 13.0734
89.2339 13.0562
89.2491 13.039
89.2643 13.0218
89.2796 13.0046
89.2948 12.9874
89.31 12.9702
89.3252 12.953
89.3404 12.9357
89.3557 12.9185
89.3709 12.9012
89.3861 12.884
89.4013 12.8667
89.4165 12.8494
89.4317 12.8321
89.4469 12.8149
89.4621 12.7976
89.4773 12.7803
89.4925 12.7629
89.5077 12.7456
89.5229 12.7283
89.5381 12.711
89.5533 12.6936
89.5685 12.6763
89.5837 12.6589
89.5988 12.6416
89.614 12.6242
89.6292 12.6068
89.6444 12.5894
89.6596 12.572
89.6747 12.5546
89.6899 12.5372
89.7051 12.5198
89.7202 12.5024
89.7354 12.485
89.7506 12.4675
89.7657 12.4501
89.7809 12.4326
89.796 12.4152
89.8112 12.3977
89.8263 12.3802
89.8415 12.3628
89.8566 12.3453
89.8718 12.3278
89.8869 12.3103
89.9021 12.2928
89.9172 12.2753
89.9323 12.2577
89.9475 12.2402
89.9626 12.2227
89.9777 12.2051
89.9928 12.1876
90.008 12.17
90.0231 12.1524
90.0382 12.1349
90.0533 12.1173
90.0684 12.0997
90.0836 12.0821
90.0987 12.0645
90.1138 12.0469
90.1289 12.0293
90.144 12.0116
90.1591 11.994
90.1742 11.9764
90.1893 11.9587
90.2044 11.9411
90.2195 11.9234
90.2346 11.9057
90.2497 11.8881
90.2648 11.8704
90.2798 11.8527
90.2949 11.835
90.31 11.8173
90.3251 11.7996
90.3402 11.7818
90.3552 11.7641
90.3703 11.7464
90.3854 11.7286
90.4004 11.7109
90.4155 11.6931
90.4306 11.6754
90.4456 11.6576
90.4607 11.6398
90.4758 11.622
90.4908 11.6042
90.5059 11.5864
90.5209 11.5686
90.536 11.5508
90.551 11.533
90.5661 11.5152
90.5811 11.4973
90.5961 11.4795
90.6112 11.4616
90.6262 11.4438
90.6413 11.4259
90.6563 11.408
90.6713 11.3902
90.6863 11.3723
90.7014 11.3544
90.7164 11.3365
90.7314 11.3186
90.7464 11.3007
90.7614 11.2827
90.7765 11.2648
90.7915 11.2469
90.8065 11.2289
90.8215 11.211
90.8365 11.193
90.8515 11.1751
90.8665 11.1571
90.8815 11.1391
90.8965 11.1211
90.9115 11.1031
90.9265 11.0851
90.9415 11.0671
90.9565 11.0491
90.9714 11.0311
90.9864 11.013
91.0014 10.995
91.0164 10.977
91.0314 10.9589
91.0463 10.9408
91.0613 10.9228
91.0763 10.9047
91.0913 10.8866
91.1062 10.8685
91.1212 10.8504
91.1362 10.8323
91.1511 10.8142
91.1661 10.7961
91.181 10.778
91.196 10.7598
91.2109 10.7417
91.2259 10.7236
91.2408 10.7054
91.2558 10.6872
91.2707 10.6691
91.2857 10.6509
91.3006 10.6327
91.3155 10.6145
91.3305 10.5963
91.3454 10.5781
91.3603 10.5599
91.3753 10.5417
91.3902 10.5235
91.4051 10.5053
91.42 10.487
91.4349 10.4688
91.4499 10.4505
91.4648 10.4323
91.4797 10.414
91.4946 10.3957
91.5095 10.3774
91.5244 10.3591
91.5393 10.3408
91.5542 10.3225
91.5691 10.3042
91.584 10.2859
91.5989 10.2676
91.6138 10.2493
91.6287 10.2309
91.6436 10.2126
91.6585 10.1942
91.6734 10.1759
91.6882 10.1575
91.7031 10.1391
91.718 10.1207
91.7329 10.1023
91.7477 10.084
91.7626 10.0655
91.7775 10.0471
91.7924 10.0287
91.8072 10.0103
91.8221 9.99186
91.8369 9.97343
91.8518 9.95498
91.8667 9.93653
91.8815 9.91807
91.8964 9.8996
91.9112 9.88113
91.9261 9.86264
91.9409 9.84416
91.9558 9.82566
91.9706 9.80716
91.9854 9.78865
92.0003 9.77013
92.0151 9.75161
92.0299 9.73308
92.0448 9.71454
92.0596 9.69599
92.0744 9.67744
92.0892 9.65888
92.1041 9.64032
92.1189 9.62174
92.1337 9.60316
92.1485 9.58457
92.1633 9.56598
92.1781 9.54738
92.1929 9.52877
92.2078 9.51015
92.2226 9.49153
92.2374 9.4729
92.2522 9.45426
92.267 9.43562
92.2818 9.41697
92.2965 9.39831
92.3113 9.37964
92.3261 9.36097
92.3409 9.34229
92.3557 9.32361
92.3705 9.30491
92.3853 9.28621
92.4 9.2675
92.4148 9.24879
92.4296 9.23007
92.4444 9.21134
92.4591 9.1926
92.4739 9.17386
92.4887 9.15511
92.5034 9.13635
92.5182 9.11759
92.5329 9.09882
92.5477 9.08004
92.5625 9.06125
92.5772 9.04246
92.592 9.02366
92.6067 9.00486
92.6214 8.98604
92.6362 8.96722
92.6509 8.94839
92.6657 8.92956
92.6804 8.91072
92.6951 8.89187
92.7099 8.87302
92.7246 8.85415
92.7393 8.83528
92.7541 8.81641
92.7688 8.79752
92.7835 8.77863
92.7982 8.75973
92.8129 8.74083
92.8277 8.72192
92.8424 8.703
92.8571 8.68407
92.8718 8.66514
92.8865 8.6462
92.9012 8.62726
92.9159 8.6083
92.9306 8.58934
92.9453 8.57037
92.96 8.5514
92.9747 8.53242
92.9894 8.51343
93.0041 8.49443
93.0188 8.47543
93.0334 8.45642
93.0481 8.43741
93.0628 8.41838
93.0775 8.39935
93.0922 8.38031
93.1068 8.36127
93.1215 8.34222
93.1362 8.32316
93.1508 8.30409
93.1655 8.28502
93.1802 8.26594
93.1948 8.24686
93.2095 8.22776
93.2241 8.20866
93.2388 8.18956
93.2535 8.17044
93.2681 8.15132
93.2827 8.13219
93.2974 8.11306
93.312 8.09392
93.3267 8.07477
93.3413 8.05561
93.356 8.03645
93.3706 8.01728
93.3852 7.9981
93.3999 7.97892
93.4145 7.95973
93.4291 7.94053
93.4437 7.92132
93.4584 7.90211
93.473 7.88289
93.4876 7.86367
93.5022 7.84444
93.5168 7.8252
93.5314 7.80595
93.546 7.7867
93.5606 7.76744
93.5752 7.74817
93.5898 7.7289
93.6044 7.70962
93.619 7.69033
93.6336 7.67103
93.6482 7.65173
93.6628 7.63242
93.6774 7.61311
93.692 7.59379
93.7066 7.57446
93.7212 7.55512
93.7357 7.53578
93.7503 7.51643
93.7649 7.49707
93.7795 7.47771
93.794 7.45834
93.8086 7.43896
93.8232 7.41957
93.8377 7.40018
93.8523 7.38078
93.8669 7.36138
93.8814 7.34197
93.896 7.32255
93.9105 7.30312
93.9251 7.28369
93.9396 7.26425
93.9542 7.2448
93.9687 7.22535
93.9833 7.20589
93.9978 7.18642
94.0124 7.16695
94.0269 7.14747
94.0414 7.12798
94.056 7.10848
94.0705 7.08898
94.085 7.06947
94.0995 7.04996
94.1141 7.03044
94.1286 7.01091
94.1431 6.99137
94.1576 6.97183
94.1721 6.95228
94.1867 6.93272
94.2012 6.91316
94.2157 6.89359
94.2302 6.87401
94.2447 6.85443
94.2592 6.83483
94.2737 6.81524
94.2882 6.79563
94.3027 6.77602
94.3172 6.7564
94.3317 6.73678
94.3462 6.71714
94.3606 6.69751
94.3751 6.67786
94.3896 6.65821
94.4041 6.63855
94.4186 6.61888
94.433 6.59921
94.4475 6.57953
94.462 6.55984
94.4765 6.54015
94.4909 6.52045
94.5054 6.50074
94.5198 6.48103
94.5343 6.46131
94.5488 6.44158
94.5632 6.42184
94.5777 6.4021
94.5921 6.38235
94.6066 6.3626
94.621 6.34284
94.6355 6.32307
94.6499 6.30329
94.6644 6.28351
94.6788 6.26372
94.6932 6.24392
94.7077 6.22412
94.7221 6.20431
94.7365 6.1845
94.751 6.16467
94.7654 6.14484
94.7798 6.12501
94.7942 6.10516
94.8086 6.08531
94.8231 6.06545
94.8375 6.04559
94.8519 6.02572
94.8663 6.00584
94.8807 5.98596
94.8951 5.96607
94.9095 5.94617
94.9239 5.92626
94.9383 5.90635
94.9527 5.88643
94.9671 5.86651
94.9815 5.84658
94.9959 5.82664
95.0103 5.80669
95.0247 5.78674
95.039 5.76678
95.0534 5.74682
95.0678 5.72684
95.0822 5.70686
95.0966 5.68688
95.1109 5.66689
95.1253 5.64689
95.1397 5.62688
95.154 5.60687
95.1684 5.58685
95.1828 5.56682
95.1971 5.54679
95.2115 5.52675
95.2258 5.5067
95.2402 5.48665
95.2545 5.46658
95.2689 5.44652
95.2832 5.42644
95.2976 5.40636
95.3119 5.38628
95.3263 5.36618
95.3406 5.34608
95.3549 5.32597
95.3693 5.30586
95.3836 5.28574
95.3979 5.26561
95.4123 5.24548
95.4266 5.22533
95.4409 5.20519
95.4552 5.18503
95.4696 5.16487
95.4839 5.1447
95.4982 5.12453
95.5125 5.10434
95.5268 5.08416
95.5411 5.06396
95.5554 5.04376
95.5697 5.02355
95.584 5.00334
95.5983 4.98311
95.6126 4.96289
95.6269 4.94265
95.6412 4.92241
95.6555 4.90216
95.6698 4.8819
95.6841 4.86164
95.6984 4.84137
95.7126 4.8211
95.7269 4.80081
95.7412 4.78053
95.7555 4.76023
95.7697 4.73993
95.784 4.71962
95.7983 4.6993
95.8125 4.67898
95.8268 4.65865
95.8411 4.63831
95.8553 4.61797
95.8696 4.59762
95.8838 4.57727
95.8981 4.5569
95.9124 4.53654
95.9266 4.51616
95.9408 4.49578
95.9551 4.47539
95.9693 4.45499
95.9836 4.43459
95.9978 4.41418
96.012 4.39376
96.0263 4.37334
96.0405 4.35291
96.0547 4.33248
96.069 4.31203
96.0832 4.29158
96.0974 4.27113
96.1116 4.25066
96.1259 4.2302
96.1401 4.20972
96.1543 4.18924
96.1685 4.16875
96.1827 4.14825
96.1969 4.12775
96.2111 4.10724
96.2253 4.08672
96.2395 4.0662
96.2537 4.04567
96.2679 4.02514
96.2821 4.00459
96.2963 3.98405
96.3105 3.96349
96.3247 3.94293
96.3389 3.92236
96.353 3.90178
96.3672 3.8812
96.3814 3.86061
96.3956 3.84002
96.4098 3.81941
96.4239 3.79881
96.4381 3.77819
96.4523 3.75757
96.4664 3.73694
96.4806 3.7163
96.4948 3.69566
96.5089 3.67501
96.5231 3.65436
96.5372 3.6337
96.5514 3.61303
96.5655 3.59236
96.5797 3.57167
96.5938 3.55099
96.608 3.53029
96.6221 3.50959
96.6363 3.48888
96.6504 3.46817
96.6645 3.44745
96.6787 3.42672
96.6928 3.40598
96.7069 3.38524
96.721 3.3645
96.7352 3.34374
96.7493 3.32298
96.7634 3.30221
96.7775 3.28144
96.7916 3.26066
96.8058 3.23987
96.8199 3.21908
96.834 3.19828
96.8481 3.17747
96.8622 3.15666
96.8763 3.13584
96.8904 3.11501
96.9045 3.09418
96.9186 3.07334
96.9327 3.0525
96.9468 3.03164
96.9609 3.01078
96.9749 2.98992
96.989 2.96905
97.0031 2.94817
97.0172 2.92728
97.0313 2.90639
97.0453 2.88549
97.0594 2.86459
97.0735 2.84367
97.0876 2.82276
97.1016 2.80183
97.1157 2.7809
97.1298 2.75996
97.1438 2.73902
97.1579 2.71807
97.1719 2.69711
97.186 2.67614
97.2 2.65517
97.2141 2.6342
97.2281 2.61321
97.2422 2.59222
97.2562 2.57123
97.2703 2.55022
97.2843 2.52921
97.2983 2.5082
97.3124 2.48717
97.3264 2.46615
97.3404 2.44511
97.3545 2.42407
97.3685 2.40302
97.3825 2.38196
97.3965 2.3609
97.4106 2.33983
97.4246 2.31876
97.4386 2.29768
97.4526 2.27659
97.4666 2.25549
97.4806 2.23439
97.4946 2.21329
97.5086 2.19217
97.5226 2.17105
97.5366 2.14992
97.5506 2.12879
97.5646 2.10765
97.5786 2.0865
97.5926 2.06535
97.6066 2.04419
97.6206 2.02303
97.6346 2.00185
97.6485 1.98067
97.6625 1.95949
97.6765 1.9383
97.6905 1.9171
97.7045 1.89589
97.7184 1.87468
97.7324 1.85346
97.7464 1.83224
97.7603 1.81101
97.7743 1.78977
97.7882 1.76853
97.8022 1.74728
97.8162 1.72602
97.8301 1.70476
97.8441 1.68349
97.858 1.66221
97.872 1.64093
97.8859 1.61964
97.8998 1.59835
97.9138 1.57704
97.9277 1.55574
97.9417 1.53442
97.9556 1.5131
97.9695 1.49177
97.9835 1.47044
97.9974 1.4491
98.0113 1.42775
98.0252 1.4064
98.0392 1.38504
98.0531 1.36367
98.067 1.3423
98.0809 1.32092
98.0948 1.29953
98.1087 1.27814
98.1226 1.25674
98.1365 1.23534
98.1504 1.21393
98.1643 1.19251
98.1782 1.17108
98.1921 1.14965
98.206 1.12822
98.2199 1.10677
98.2338 1.08532
98.2477 1.06387
98.2616 1.0424
98.2755 1.02094
98.2894 0.99946
98.3032 0.977978
98.3171 0.956489
98.331 0.934995
98.3449 0.913493
98.3587 0.891986
98.3726 0.870472
98.3865 0.848951
98.4003 0.827424
98.4142 0.805891
98.428 0.784352
98.4419 0.762805
98.4558 0.741253
98.4696 0.719694
98.4835 0.698129
98.4973 0.676557
98.5112 0.654979
98.525 0.633395
98.5388 0.611804
98.5527 0.590207
98.5665 0.568603
98.5804 0.546994
98.5942 0.525377
98.608 0.503755
98.6218 0.482125
98.6357 0.46049
98.6495 0.438848
98.6633 0.4172
98.6771 0.395545
98.691 0.373885
98.7048 0.352217
98.7186 0.330544
98.7324 0.308864
98.7462 0.287177
98.76 0.265484
98.7738 0.243785
98.7876 0.22208
98.8014 0.200368
98.8152 0.17865
98.829 0.156925
98.8428 0.135194
98.8566 0.113457
98.8704 0.0917137
98.8842 0.0699638
98.898 0.0482075
98.9117 0.0264449
98.9255 0.00467596
98.9393 -0.0170993
