0 0
0.353008 0.352518
0.70493 0.702971
1.05577 1.05137
1.40555 1.39773
1.75426 1.74205
2.10192 2.08436
2.44853 2.42465
2.7941 2.76295
3.13864 3.09926
3.48216 3.43358
3.82467 3.76594
4.16616 4.09634
4.50666 4.4248
4.84616 4.75131
5.18468 5.0759
5.52222 5.39857
5.85878 5.71933
6.19438 6.03819
6.52903 6.35516
6.86272 6.67025
7.19547 6.98346
7.52728 7.29482
7.85816 7.60432
8.18811 7.91198
8.51715 8.2178
8.84528 8.5218
9.1725 8.82397
9.49882 9.12434
9.82426 9.42291
10.1488 9.71968
10.4725 10.0147
10.7953 10.3079
11.1172 10.5993
11.4383 10.889
11.7585 11.1769
12.0778 11.4631
12.3963 11.7476
12.714 12.0303
13.0309 12.3113
13.3469 12.5906
13.6621 12.8682
13.9765 13.1441
14.29 13.4183
14.6028 13.6908
14.9148 13.9616
15.2259 14.2308
15.5363 14.4983
15.8459 14.7641
16.1547 15.0283
16.4628 15.2909
16.7701 15.5518
17.0766 15.8111
17.3823 16.0688
17.6874 16.3249
17.9916 16.5793
18.2951 16.8322
18.5979 17.0834
18.9 17.3331
19.2013 17.5812
19.5019 17.8277
19.8017 18.0726
20.1009 18.316
20.3993 18.5578
20.6971 18.7981
20.9941 19.0368
21.2904 19.274
21.5861 19.5096
21.8811 19.7437
22.1753 19.9763
22.4689 20.2074
22.7619 20.437
23.0541 20.665
23.3457 20.8916
23.6366 21.1166
23.9269 21.3402
24.2165 21.5623
24.5054 21.7829
24.7937 22.002
25.0814 22.2197
25.3684 22.4359
25.6548 22.6507
25.9406 22.8639
26.2257 23.0758
26.5102 23.2862
26.7941 23.4952
27.0774 23.7027
27.3601 23.9088
27.6421 24.1135
27.9236 24.3167
28.2044 24.5186
28.4847 24.719
28.7643 24.918
29.0434 25.1157
29.3219 25.3119
29.5998 25.5067
29.8771 25.7002
30.1538 25.8923
30.43 26.083
30.7056 26.2723
30.9806 26.4602
31.2551 26.6468
31.529 26.832
31.8023 27.0159
32.0751 27.1984
32.3474 27.3796
32.6191 27.5594
32.8902 27.7379
33.1608 27.915
33.4309 28.0908
33.7004 28.2653
33.9694 28.4385
34.2379 28.6103
34.5058 28.7808
34.7733 28.9501
35.0402 29.118
35.3065 29.2845
35.5724 29.4498
35.8378 29.6138
36.1026 29.7765
36.367 29.9379
36.6308 30.0981
36.8941 30.2569
37.157 30.4144
37.4193 30.5707
37.6812 30.7257
37.9425 30.8795
38.2034 31.0319
38.4638 31.1831
38.7237 31.3331
38.9831 31.4818
39.2421 31.6292
39.5005 31.7754
39.7585 31.9203
40.0161 32.064
40.2731 32.2065
40.5297 32.3477
40.7859 32.4877
41.0416 32.6264
41.2968 32.7639
41.5515 32.9002
41.8059 33.0353
42.0597 33.1692
42.3131 33.3018
42.5661 33.4332
42.8186 33.5634
43.0707 33.6925
43.3224 33.8203
43.5736 33.9469
43.8243 34.0723
44.0747 34.1965
44.3246 34.3195
44.5741 34.4413
44.8231 34.5619
45.0718 34.6814
45.32 34.7997
45.5678 34.9167
45.8152 35.0327
46.0621 35.1474
46.3087 35.2609
46.5548 35.3733
46.8005 35.4846
47.0459 35.5946
47.2908 35.7035
47.5353 35.8113
47.7794 35.9179
48.0231 36.0233
48.2664 36.1276
48.5093 36.2307
48.7518 36.3327
48.994 36.4335
49.2357 36.5332
49.4771 36.6317
49.718 36.7292
49.9586 36.8254
50.1988 36.9206
50.4386 37.0146
50.678 37.1075
50.9171 37.1992
51.1558 37.2899
51.3941 37.3794
51.632 37.4678
51.8696 37.555
52.1068 37.6412
52.3436 37.7262
52.5801 37.8102
52.8161 37.893
53.0519 37.9747
53.2872 38.0553
53.5222 38.1348
53.7569 38.2132
53.9912 38.2906
54.2251 38.3668
54.4587 38.4419
54.6919 38.5159
54.9248 38.5888
55.1574 38.6607
55.3895 38.7314
55.6214 38.8011
55.8529 38.8697
56.084 38.9372
56.3148 39.0036
56.5453 39.0689
56.7754 39.1332
57.0052 39.1964
57.2347 39.2585
57.4638 39.3196
57.6926 39.3796
57.921 39.4385
58.1491 39.4963
58.3769 39.5531
58.6044 39.6088
58.8315 39.6635
59.0583 39.7171
59.2848 39.7696
59.511 39.8211
59.7368 39.8716
59.9623 39.921
60.1875 39.9693
60.4124 40.0166
60.637 40.0628
60.8612 40.108
61.0851 40.1522
61.3087 40.1953
61.532 40.2374
61.755 40.2784
61.9777 40.3184
62.2001 40.3574
62.4221 40.3953
62.6439 40.4322
62.8653 40.468
63.0865 40.5029
63.3073 40.5367
63.5279 40.5694
63.7481 40.6012
63.968 40.6319
64.1876 40.6616
64.407 40.6903
64.626 40.718
64.8448 40.7446
65.0632 40.7703
65.2813 40.7949
65.4992 40.8185
65.7167 40.8411
65.934 40.8627
66.151 40.8833
66.3677 40.9028
66.5841 40.9214
66.8002 40.939
67.016 40.9555
67.2315 40.9711
67.4468 40.9856
67.6617 40.9992
67.8764 41.0117
68.0908 41.0233
68.3049 41.0338
68.5187 41.0434
68.7323 41.052
68.9455 41.0596
69.1585 41.0662
69.3712 41.0718
69.5836 41.0764
69.7958 41.08
70.0077 41.0827
70.2193 41.0843
70.4306 41.085
70.6416 41.0847
70.8524 41.0834
71.0629 41.0812
71.2731 41.078
71.4831 41.0737
71.6928 41.0686
71.9022 41.0624
72.1113 41.0553
72.3202 41.0472
72.5288 41.0381
72.7372 41.0281
72.9452 41.0171
73.1531 41.0051
73.3606 40.9922
73.5679 40.9783
73.7749 40.9634
73.9816 40.9476
74.1881 40.9308
74.3943 40.9131
74.6003 40.8944
74.806 40.8747
75.0114 40.8541
75.2166 40.8325
75.4215 40.81
75.6262 40.7865
75.8306 40.7621
76.0347 40.7368
76.2386 40.7104
76.4422 40.6832
76.6456 40.655
76.8487 40.6258
77.0516 40.5957
77.2542 40.5647
77.4565 40.5327
77.6586 40.4998
77.8604 40.4659
78.062 40.4311
78.2633 40.3954
78.4644 40.3587
78.6652 40.3212
78.8658 40.2826
79.0661 40.2432
79.2662 40.2028
79.466 40.1614
79.6656 40.1192
79.8649 40.076
80.064 40.0319
80.2628 39.9869
80.4613 39.9409
80.6597 39.894
80.8577 39.8462
81.0556 39.7975
81.2531 39.7479
81.4505 39.6973
81.6475 39.6459
81.8444 39.5935
82.041 39.5402
82.2373 39.486
82.4334 39.4308
82.6292 39.3748
82.8248 39.3179
83.0202 39.26
83.2153 39.2012
83.4102 39.1416
83.6048 39.081
83.7992 39.0195
83.9933 38.9571
84.1872 38.8939
84.3809 38.8297
84.5743 38.7646
84.7675 38.6986
84.9604 38.6317
85.1531 38.564
85.3455 38.4953
85.5377 38.4257
85.7297 38.3553
85.9214 38.2839
86.1129 38.2117
86.3041 38.1386
86.4951 38.0645
86.6858 37.9896
86.8764 37.9138
87.0666 37.8372
87.2567 37.7596
87.4465 37.6812
87.636 37.6019
87.8253 37.5217
88.0144 37.4406
88.2032 37.3586
88.3918 37.2758
88.5802 37.1921
88.7683 37.1075
88.9562 37.0221
89.1438 36.9357
89.3313 36.8485
89.5184 36.7605
89.7053 36.6715
89.892 36.5817
90.0785 36.4911
90.2647 36.3995
90.4507 36.3072
90.6364 36.2139
90.8219 36.1198
91.0072 36.0248
91.1922 35.929
91.377 35.8323
91.5616 35.7347
91.7459 35.6363
91.93 35.5371
92.1138 35.437
92.2974 35.336
92.4808 35.2342
92.6639 35.1316
92.8468 35.028
93.0295 34.9237
93.2119 34.8185
93.3941 34.7125
93.5761 34.6056
93.7578 34.4979
93.9393 34.3893
94.1205 34.2799
94.3015 34.1696
94.4823 34.0586
94.6628 33.9467
94.8431 33.8339
95.0232 33.7203
95.203 33.6059
95.3826 33.4907
95.562 33.3746
95.7411 33.2577
95.92 33.14
96.0987 33.0214
96.2771 32.9021
96.4553 32.7819
96.6332 32.6609
96.8109 32.539
96.9884 32.4164
97.1656 32.2929
97.3426 32.1686
97.5194 32.0435
97.6959 31.9176
97.8722 31.7909
98.0483 31.6633
98.2241 31.535
98.3997 31.4058
98.5751 31.2759
98.7502 31.1451
98.9251 31.0135
99.0997 30.8812
99.2742 30.748
99.4483 30.614
99.6223 30.4792
99.796 30.3437
99.9695 30.2073
100.143 30.0701
100.316 29.9322
100.488 29.7934
100.661 29.6539
100.833 29.5136
101.005 29.3724
101.177 29.2305
101.349 29.0878
101.52 28.9444
101.691 28.8001
101.862 28.6551
102.033 28.5093
102.203 28.3627
102.373 28.2153
102.543 28.0671
102.713 27.9182
102.882 27.7685
103.052 27.618
103.221 27.4668
103.389 27.3148
103.558 27.162
103.726 27.0085
103.894 26.8542
104.062 26.6991
104.23 26.5433
104.397 26.3867
104.564 26.2293
104.731 26.0712
104.898 25.9123
105.064 25.7527
105.23 25.5923
105.396 25.4312
105.562 25.2693
105.727 25.1067
105.893 24.9433
106.058 24.7792
106.222 24.6143
106.387 24.4487
106.551 24.2824
106.715 24.1153
106.879 23.9474
107.043 23.7789
107.206 23.6096
107.369 23.4395
107.532 23.2688
107.694 23.0972
107.857 22.925
108.019 22.752
108.181 22.5783
108.343 22.4039
108.504 22.2288
108.665 22.0529
108.826 21.8763
108.987 21.699
109.147 21.521
109.308 21.3422
109.468 21.1628
109.627 20.9826
109.787 20.8017
109.946 20.6201
110.105 20.4378
110.264 20.2548
110.423 20.0711
110.581 19.8866
110.739 19.7015
110.897 19.5157
111.055 19.3291
111.212 19.1419
111.369 18.9539
111.526 18.7653
111.683 18.576
111.839 18.386
111.996 18.1952
112.152 18.0038
112.307 17.8117
112.463 17.619
112.618 17.4255
112.773 17.2314
112.928 17.0365
113.083 16.841
113.237 16.6448
113.391 16.4479
113.545 16.2504
113.699 16.0522
113.852 15.8533
114.005 15.6537
114.158 15.4534
114.311 15.2525
114.463 15.051
114.615 14.8487
114.767 14.6458
114.919 14.4422
115.07 14.238
115.222 14.0331
115.373 13.8275
115.523 13.6213
115.674 13.4145
115.824 13.2069
115.974 12.9988
116.124 12.79
116.274 12.5805
116.423 12.3704
116.572 12.1596
116.721 11.9482
116.87 11.7361
117.018 11.5234
117.166 11.3101
117.314 11.0961
117.462 10.8815
117.609 10.6663
117.756 10.4504
117.903 10.2339
118.05 10.0167
118.197 9.79895
118.343 9.58054
118.489 9.36152
118.635 9.14186
118.78 8.92159
118.926 8.70069
119.071 8.47917
119.216 8.25704
119.36 8.03429
119.505 7.81092
119.649 7.58694
119.793 7.36234
119.936 7.13714
120.08 6.91132
120.223 6.6849
120.366 6.45787
120.508 6.23024
120.651 6.00201
120.793 5.77317
120.935 5.54373
121.077 5.3137
121.219 5.08307
121.36 4.85184
121.501 4.62002
121.642 4.38761
121.782 4.15461
121.923 3.92101
122.063 3.68683
122.203 3.45207
122.342 3.21672
122.482 2.98079
122.621 2.74427
122.76 2.50718
122.898 2.26951
123.037 2.03126
123.175 1.79244
123.313 1.55304
123.451 1.31307
123.588 1.07253
123.726 0.831421
123.863 0.589745
124 0.347503
124.136 0.104697
124.273 -0.138672
