0 1500
0 1500
0.707107 1500.71
1.41421 1501.41
2.12132 1502.12
2.82843 1502.82
3.53553 1503.52
4.24264 1504.23
4.94975 1504.93
5.65685 1505.63
6.36396 1506.32
7.07107 1507.02
7.77817 1507.72
8.48528 1508.41
9.19239 1509.11
9.89949 1509.8
10.6066 1510.5
11.3137 1511.19
12.0208 1511.88
12.7279 1512.57
13.435 1513.26
14.1421 1513.95
14.8492 1514.63
15.5563 1515.32
16.2635 1516
16.9706 1516.69
17.6777 1517.37
18.3848 1518.05
19.0919 1518.73
19.799 1519.41
20.5061 1520.09
21.2132 1520.77
21.9203 1521.45
22.6274 1522.13
23.3345 1522.8
24.0416 1523.48
24.7487 1524.15
25.4558 1524.82
26.163 1525.49
26.8701 1526.16
27.5772 1526.83
28.2843 1527.5
28.9914 1528.17
29.6985 1528.83
30.4056 1529.5
31.1127 1530.16
31.8198 1530.83
32.5269 1531.49
33.234 1532.15
33.9411 1532.81
34.6482 1533.47
35.3553 1534.13
36.0624 1534.79
36.7696 1535.44
37.4767 1536.1
38.1838 1536.75
38.8909 1537.41
39.598 1538.06
40.3051 1538.71
41.0122 1539.36
41.7193 1540.01
42.4264 1540.66
43.1335 1541.31
43.8406 1541.96
44.5477 1542.6
45.2548 1543.25
45.9619 1543.89
46.669 1544.53
47.3762 1545.18
48.0833 1545.82
48.7904 1546.46
49.4975 1547.1
50.2046 1547.73
50.9117 1548.37
51.6188 1549.01
52.3259 1549.64
53.033 1550.28
53.7401 1550.91
54.4472 1551.54
55.1543 1552.17
55.8614 1552.8
56.5685 1553.43
57.2756 1554.06
57.9828 1554.69
58.6899 1555.31
59.397 1555.94
60.1041 1556.56
60.8112 1557.19
61.5183 1557.81
62.2254 1558.43
62.9325 1559.05
63.6396 1559.67
64.3467 1560.29
65.0538 1560.91
65.7609 1561.52
66.468 1562.14
67.1751 1562.75
67.8823 1563.37
68.5894 1563.98
69.2965 1564.59
70.0036 1565.2
70.7107 1565.81
71.4178 1566.42
72.1249 1567.03
72.832 1567.63
73.5391 1568.24
74.2462 1568.84
74.9533 1569.45
75.6604 1570.05
76.3675 1570.65
77.0746 1571.25
77.7817 1571.85
78.4889 1572.45
79.196 1573.05
79.9031 1573.65
80.6102 1574.24
81.3173 1574.84
82.0244 1575.43
82.7315 1576.02
83.4386 1576.62
84.1457 1577.21
84.8528 1577.8
85.5599 1578.39
86.267 1578.97
86.9741 1579.56
87.6812 1580.15
88.3883 1580.73
89.0955 1581.32
89.8026 1581.9
90.5097 1582.48
91.2168 1583.06
91.9239 1583.64
92.631 1584.22
93.3381 1584.8
94.0452 1585.38
94.7523 1585.95
95.4594 1586.53
96.1665 1587.1
96.8736 1587.68
97.5807 1588.25
98.2878 1588.82
98.9949 1589.39
99.7021 1589.96
100.409 1590.53
101.116 1591.1
101.823 1591.66
102.53 1592.23
103.238 1592.79
103.945 1593.36
104.652 1593.92
105.359 1594.48
106.066 1595.04
106.773 1595.6
107.48 1596.16
108.187 1596.72
108.894 1597.27
109.602 1597.83
110.309 1598.38
111.016 1598.94
111.723 1599.49
112.43 1600.04
113.137 1600.59
113.844 1601.14
114.551 1601.69
115.258 1602.24
115.966 1602.79
116.673 1603.33
117.38 1603.88
118.087 1604.42
118.794 1604.96
119.501 1605.51
120.208 1606.05
120.915 1606.59
121.622 1607.13
122.329 1607.66
123.037 1608.2
123.744 1608.74
124.451 1609.27
125.158 1609.81
125.865 1610.34
126.572 1610.87
127.279 1611.4
127.986 1611.93
128.693 1612.46
129.401 1612.99
130.108 1613.52
130.815 1614.04
131.522 1614.57
132.229 1615.09
132.936 1615.62
133.643 1616.14
134.35 1616.66
135.057 1617.18
135.765 1617.7
136.472 1618.22
137.179 1618.74
137.886 1619.25
138.593 1619.77
139.3 1620.28
140.007 1620.8
140.714 1621.31
141.421 1621.82
142.128 1622.33
142.836 1622.84
143.543 1623.35
144.25 1623.86
144.957 1624.36
145.664 1624.87
146.371 1625.38
147.078 1625.88
147.785 1626.38
148.492 1626.88
149.2 1627.38
149.907 1627.88
150.614 1628.38
151.321 1628.88
152.028 1629.38
152.735 1629.87
153.442 1630.37
154.149 1630.86
154.856 1631.36
155.563 1631.85
156.271 1632.34
156.978 1632.83
157.685 1633.32
158.392 1633.81
159.099 1634.29
159.806 1634.78
160.513 1635.26
161.22 1635.75
161.927 1636.23
162.635 1636.71
163.342 1637.19
164.049 1637.68
164.756 1638.15
165.463 1638.63
166.17 1639.11
166.877 1639.59
167.584 1640.06
168.291 1640.54
168.999 1641.01
169.706 1641.48
170.413 1641.95
171.12 1642.42
171.827 1642.89
172.534 1643.36
173.241 1643.83
173.948 1644.3
174.655 1644.76
175.362 1645.23
176.07 1645.69
176.777 1646.15
177.484 1646.61
178.191 1647.07
178.898 1647.53
179.605 1647.99
180.312 1648.45
181.019 1648.91
181.726 1649.36
182.434 1649.82
183.141 1650.27
183.848 1650.72
184.555 1651.18
185.262 1651.63
185.969 1652.08
186.676 1652.53
187.383 1652.97
188.09 1653.42
188.798 1653.87
189.505 1654.31
190.212 1654.75
190.919 1655.2
191.626 1655.64
192.333 1656.08
193.04 1656.52
193.747 1656.96
194.454 1657.4
195.161 1657.84
195.869 1658.27
196.576 1658.71
197.283 1659.14
197.99 1659.57
198.697 1660.01
199.404 1660.44
200.111 1660.87
200.818 1661.3
201.525 1661.73
202.233 1662.15
202.94 1662.58
203.647 1663
204.354 1663.43
205.061 1663.85
205.768 1664.27
206.475 1664.7
207.182 1665.12
207.889 1665.54
208.597 1665.95
209.304 1666.37
210.011 1666.79
210.718 1667.2
211.425 1667.62
212.132 1668.03
212.839 1668.44
213.546 1668.86
214.253 1669.27
214.96 1669.68
215.668 1670.09
216.375 1670.49
217.082 1670.9
217.789 1671.31
218.496 1671.71
219.203 1672.11
219.91 1672.52
220.617 1672.92
221.324 1673.32
222.032 1673.72
222.739 1674.12
223.446 1674.52
224.153 1674.91
224.86 1675.31
225.567 1675.7
226.274 1676.1
226.981 1676.49
227.688 1676.88
228.395 1677.27
229.103 1677.66
229.81 1678.05
230.517 1678.44
231.224 1678.83
231.931 1679.21
232.638 1679.6
233.345 1679.98
234.052 1680.37
234.759 1680.75
235.467 1681.13
236.174 1681.51
236.881 1681.89
237.588 1682.27
238.295 1682.65
239.002 1683.02
239.709 1683.4
240.416 1683.77
241.123 1684.15
241.831 1684.52
242.538 1684.89
243.245 1685.26
243.952 1685.63
244.659 1686
245.366 1686.37
246.073 1686.73
246.78 1687.1
247.487 1687.46
248.194 1687.83
248.902 1688.19
249.609 1688.55
250.316 1688.91
251.023 1689.27
251.73 1689.63
252.437 1689.99
253.144 1690.34
253.851 1690.7
254.558 1691.05
255.266 1691.41
255.973 1691.76
256.68 1692.11
257.387 1692.46
258.094 1692.81
258.801 1693.16
259.508 1693.51
260.215 1693.86
260.922 1694.2
261.63 1694.55
262.337 1694.89
263.044 1695.24
263.751 1695.58
264.458 1695.92
265.165 1696.26
265.872 1696.6
266.579 1696.94
267.286 1697.27
267.993 1697.61
268.701 1697.94
269.408 1698.28
270.115 1698.61
270.822 1698.94
271.529 1699.28
272.236 1699.61
272.943 1699.94
273.65 1700.26
274.357 1700.59
275.065 1700.92
275.772 1701.24
276.479 1701.57
277.186 1701.89
277.893 1702.21
278.6 1702.53
279.307 1702.85
280.014 1703.17
280.721 1703.49
281.428 1703.81
282.136 1704.13
282.843 1704.44
283.55 1704.76
284.257 1705.07
284.964 1705.38
285.671 1705.7
286.378 1706.01
287.085 1706.32
287.792 1706.62
288.5 1706.93
289.207 1707.24
289.914 1707.54
290.621 1707.85
291.328 1708.15
292.035 1708.46
292.742 1708.76
293.449 1709.06
294.156 1709.36
294.864 1709.66
295.571 1709.96
296.278 1710.25
296.985 1710.55
297.692 1710.84
298.399 1711.14
299.106 1711.43
299.813 1711.72
300.52 1712.01
301.227 1712.3
301.935 1712.59
302.642 1712.88
303.349 1713.17
304.056 1713.45
304.763 1713.74
305.47 1714.02
306.177 1714.31
306.884 1714.59
307.591 1714.87
308.299 1715.15
309.006 1715.43
309.713 1715.71
310.42 1715.99
311.127 1716.26
311.834 1716.54
312.541 1716.81
313.248 1717.09
313.955 1717.36
314.663 1717.63
315.37 1717.9
316.077 1718.17
316.784 1718.44
317.491 1718.71
318.198 1718.97
318.905 1719.24
319.612 1719.5
320.319 1719.77
321.026 1720.03
321.734 1720.29
322.441 1720.55
323.148 1720.81
323.855 1721.07
324.562 1721.33
325.269 1721.59
325.976 1721.84
326.683 1722.1
327.39 1722.35
328.098 1722.6
328.805 1722.85
329.512 1723.11
330.219 1723.36
330.926 1723.6
331.633 1723.85
332.34 1724.1
333.047 1724.35
333.754 1724.59
334.462 1724.83
335.169 1725.08
335.876 1725.32
336.583 1725.56
337.29 1725.8
337.997 1726.04
338.704 1726.28
339.411 1726.52
340.118 1726.75
340.825 1726.99
341.533 1727.22
342.24 1727.45
342.947 1727.69
343.654 1727.92
344.361 1728.15
345.068 1728.38
345.775 1728.61
346.482 1728.83
347.189 1729.06
347.897 1729.29
348.604 1729.51
349.311 1729.73
350.018 1729.96
350.725 1730.18
351.432 1730.4
352.139 1730.62
352.846 1730.84
353.553 1731.05
354.26 1731.27
354.968 1731.49
355.675 1731.7
356.382 1731.91
357.089 1732.13
357.796 1732.34
358.503 1732.55
359.21 1732.76
359.917 1732.97
360.624 1733.18
361.332 1733.38
362.039 1733.59
362.746 1733.79
363.453 1734
364.16 1734.2
364.867 1734.4
365.574 1734.6
366.281 1734.8
366.988 1735
367.696 1735.2
368.403 1735.4
369.11 1735.59
369.817 1735.79
370.524 1735.98
371.231 1736.17
371.938 1736.37
372.645 1736.56
373.352 1736.75
374.059 1736.94
374.767 1737.13
375.474 1737.31
376.181 1737.5
376.888 1737.68
377.595 1737.87
378.302 1738.05
379.009 1738.23
379.716 1738.42
380.423 1738.6
381.131 1738.78
381.838 1738.95
382.545 1739.13
383.252 1739.31
383.959 1739.48
384.666 1739.66
385.373 1739.83
386.08 1740
386.787 1740.17
387.495 1740.35
388.202 1740.52
388.909 1740.68
389.616 1740.85
390.323 1741.02
391.03 1741.18
391.737 1741.35
392.444 1741.51
393.151 1741.67
393.858 1741.84
394.566 1742
395.273 1742.16
395.98 1742.32
396.687 1742.47
397.394 1742.63
398.101 1742.79
398.808 1742.94
399.515 1743.1
400.222 1743.25
400.93 1743.4
401.637 1743.55
402.344 1743.7
403.051 1743.85
403.758 1744
404.465 1744.14
405.172 1744.29
405.879 1744.44
406.586 1744.58
407.294 1744.72
408.001 1744.87
408.708 1745.01
409.415 1745.15
410.122 1745.29
410.829 1745.42
411.536 1745.56
412.243 1745.7
412.95 1745.83
413.657 1745.97
414.365 1746.1
415.072 1746.23
415.779 1746.36
416.486 1746.49
417.193 1746.62
417.9 1746.75
418.607 1746.88
419.314 1747.01
420.021 1747.13
420.729 1747.26
421.436 1747.38
422.143 1747.5
422.85 1747.62
423.557 1747.74
424.264 1747.86
424.971 1747.98
425.678 1748.1
426.385 1748.22
427.092 1748.33
427.8 1748.45
428.507 1748.56
429.214 1748.67
429.921 1748.79
430.628 1748.9
431.335 1749.01
432.042 1749.11
432.749 1749.22
433.456 1749.33
434.164 1749.44
434.871 1749.54
435.578 1749.64
436.285 1749.75
436.992 1749.85
437.699 1749.95
438.406 1750.05
439.113 1750.15
439.82 1750.25
440.528 1750.34
441.235 1750.44
441.942 1750.54
442.649 1750.63
443.356 1750.72
444.063 1750.81
444.77 1750.91
445.477 1751
446.184 1751.09
446.891 1751.17
447.599 1751.26
448.306 1751.35
449.013 1751.43
449.72 1751.52
450.427 1751.6
451.134 1751.68
451.841 1751.76
452.548 1751.84
453.255 1751.92
453.963 1752
454.67 1752.08
455.377 1752.16
456.084 1752.23
456.791 1752.31
457.498 1752.38
458.205 1752.45
458.912 1752.52
459.619 1752.59
460.327 1752.66
461.034 1752.73
461.741 1752.8
462.448 1752.87
463.155 1752.93
463.862 1753
464.569 1753.06
465.276 1753.12
465.983 1753.19
466.69 1753.25
467.398 1753.31
468.105 1753.37
468.812 1753.42
469.519 1753.48
470.226 1753.54
470.933 1753.59
471.64 1753.64
472.347 1753.7
473.054 1753.75
473.762 1753.8
474.469 1753.85
475.176 1753.9
475.883 1753.95
476.59 1753.99
477.297 1754.04
478.004 1754.09
478.711 1754.13
479.418 1754.17
480.126 1754.22
480.833 1754.26
481.54 1754.3
482.247 1754.34
482.954 1754.37
483.661 1754.41
484.368 1754.45
485.075 1754.48
485.782 1754.52
486.489 1754.55
487.197 1754.58
487.904 1754.61
488.611 1754.65
489.318 1754.67
490.025 1754.7
490.732 1754.73
491.439 1754.76
492.146 1754.78
492.853 1754.81
493.561 1754.83
494.268 1754.85
494.975 1754.87
495.682 1754.9
496.389 1754.92
497.096 1754.93
497.803 1754.95
498.51 1754.97
499.217 1754.98
499.924 1755
500.632 1755.01
501.339 1755.03
502.046 1755.04
502.753 1755.05
503.46 1755.06
504.167 1755.07
504.874 1755.07
505.581 1755.08
506.288 1755.09
506.996 1755.09
507.703 1755.1
508.41 1755.1
509.117 1755.1
509.824 1755.1
510.531 1755.1
511.238 1755.1
511.945 1755.1
512.652 1755.1
513.36 1755.09
514.067 1755.09
514.774 1755.08
515.481 1755.07
516.188 1755.07
516.895 1755.06
517.602 1755.05
518.309 1755.04
519.016 1755.03
519.723 1755.01
520.431 1755
521.138 1754.98
521.845 1754.97
522.552 1754.95
523.259 1754.94
523.966 1754.92
524.673 1754.9
525.38 1754.88
526.087 1754.85
526.795 1754.83
527.502 1754.81
528.209 1754.78
528.916 1754.76
529.623 1754.73
530.33 1754.71
531.037 1754.68
531.744 1754.65
532.451 1754.62
533.159 1754.59
533.866 1754.55
534.573 1754.52
535.28 1754.49
535.987 1754.45
536.694 1754.41
537.401 1754.38
538.108 1754.34
538.815 1754.3
539.522 1754.26
540.23 1754.22
540.937 1754.18
541.644 1754.13
542.351 1754.09
543.058 1754.04
543.765 1754
544.472 1753.95
545.179 1753.9
545.886 1753.85
546.594 1753.8
547.301 1753.75
548.008 1753.7
548.715 1753.65
549.422 1753.59
550.129 1753.54
550.836 1753.48
551.543 1753.43
552.25 1753.37
552.958 1753.31
553.665 1753.25
554.372 1753.19
555.079 1753.13
555.786 1753.07
556.493 1753
557.2 1752.94
557.907 1752.87
558.614 1752.81
559.321 1752.74
560.029 1752.67
560.736 1752.6
561.443 1752.53
562.15 1752.46
562.857 1752.39
563.564 1752.31
564.271 1752.24
564.978 1752.16
565.685 1752.09
566.393 1752.01
567.1 1751.93
567.807 1751.85
568.514 1751.77
569.221 1751.69
569.928 1751.61
570.635 1751.52
571.342 1751.44
572.049 1751.35
572.756 1751.27
573.464 1751.18
574.171 1751.09
574.878 1751
575.585 1750.91
576.292 1750.82
576.999 1750.73
577.706 1750.64
578.413 1750.54
579.12 1750.45
579.828 1750.35
580.535 1750.25
581.242 1750.16
581.949 1750.06
582.656 1749.96
583.363 1749.86
584.07 1749.75
584.777 1749.65
585.484 1749.55
586.192 1749.44
586.899 1749.34
587.606 1749.23
588.313 1749.12
589.02 1749.01
589.727 1748.9
590.434 1748.79
591.141 1748.68
591.848 1748.57
592.555 1748.46
593.263 1748.34
593.97 1748.23
594.677 1748.11
595.384 1747.99
596.091 1747.87
596.798 1747.75
597.505 1747.63
598.212 1747.51
598.919 1747.39
599.627 1747.27
600.334 1747.14
601.041 1747.02
601.748 1746.89
602.455 1746.76
603.162 1746.63
603.869 1746.5
604.576 1746.37
605.283 1746.24
605.991 1746.11
606.698 1745.98
607.405 1745.84
608.112 1745.71
608.819 1745.57
609.526 1745.43
610.233 1745.3
610.94 1745.16
611.647 1745.02
612.354 1744.88
613.062 1744.73
613.769 1744.59
614.476 1744.45
615.183 1744.3
615.89 1744.16
616.597 1744.01
617.304 1743.86
618.011 1743.71
618.718 1743.56
619.426 1743.41
620.133 1743.26
620.84 1743.11
621.547 1742.95
622.254 1742.8
622.961 1742.64
623.668 1742.49
624.375 1742.33
625.082 1742.17
625.79 1742.01
626.497 1741.85
627.204 1741.69
627.911 1741.52
628.618 1741.36
629.325 1741.2
630.032 1741.03
630.739 1740.86
631.446 1740.7
632.153 1740.53
632.861 1740.36
633.568 1740.19
634.275 1740.02
634.982 1739.84
635.689 1739.67
636.396 1739.5
637.103 1739.32
637.81 1739.14
638.517 1738.97
639.225 1738.79
639.932 1738.61
640.639 1738.43
641.346 1738.25
642.053 1738.07
642.76 1737.88
643.467 1737.7
644.174 1737.51
644.881 1737.33
645.588 1737.14
646.296 1736.95
647.003 1736.76
647.71 1736.57
648.417 1736.38
649.124 1736.19
649.831 1736
650.538 1735.8
651.245 1735.61
651.952 1735.41
652.66 1735.21
653.367 1735.02
654.074 1734.82
654.781 1734.62
655.488 1734.42
656.195 1734.21
656.902 1734.01
657.609 1733.81
658.316 1733.6
659.024 1733.4
659.731 1733.19
660.438 1732.98
661.145 1732.77
661.852 1732.56
662.559 1732.35
663.266 1732.14
663.973 1731.93
664.68 1731.72
665.387 1731.5
666.095 1731.29
666.802 1731.07
667.509 1730.85
668.216 1730.63
668.923 1730.41
669.63 1730.19
670.337 1729.97
671.044 1729.75
671.751 1729.53
672.459 1729.3
673.166 1729.08
673.873 1728.85
674.58 1728.62
675.287 1728.39
675.994 1728.17
676.701 1727.94
677.408 1727.7
678.115 1727.47
678.823 1727.24
679.53 1727
680.237 1726.77
680.944 1726.53
681.651 1726.3
682.358 1726.06
683.065 1725.82
683.772 1725.58
684.479 1725.34
685.186 1725.1
685.894 1724.85
686.601 1724.61
687.308 1724.36
688.015 1724.12
688.722 1723.87
689.429 1723.62
690.136 1723.37
690.843 1723.12
691.55 1722.87
692.258 1722.62
692.965 1722.37
693.672 1722.11
694.379 1721.86
695.086 1721.6
695.793 1721.35
696.5 1721.09
697.207 1720.83
697.914 1720.57
698.621 1720.31
699.329 1720.05
700.036 1719.79
700.743 1719.52
701.45 1719.26
702.157 1718.99
702.864 1718.73
703.571 1718.46
704.278 1718.19
704.985 1717.92
705.693 1717.65
706.4 1717.38
707.107 1717.11
707.814 1716.83
708.521 1716.56
709.228 1716.28
709.935 1716.01
710.642 1715.73
711.349 1715.45
712.057 1715.17
712.764 1714.89
713.471 1714.61
714.178 1714.33
714.885 1714.05
715.592 1713.76
716.299 1713.48
717.006 1713.19
717.713 1712.9
718.42 1712.62
719.128 1712.33
719.835 1712.04
720.542 1711.74
721.249 1711.45
721.956 1711.16
722.663 1710.87
723.37 1710.57
724.077 1710.28
724.784 1709.98
725.492 1709.68
726.199 1709.38
726.906 1709.08
727.613 1708.78
728.32 1708.48
729.027 1708.18
729.734 1707.87
730.441 1707.57
731.148 1707.26
731.856 1706.96
732.563 1706.65
733.27 1706.34
733.977 1706.03
734.684 1705.72
735.391 1705.41
736.098 1705.09
736.805 1704.78
737.512 1704.47
738.219 1704.15
738.927 1703.83
739.634 1703.52
740.341 1703.2
741.048 1702.88
741.755 1702.56
742.462 1702.24
743.169 1701.91
743.876 1701.59
744.583 1701.27
745.291 1700.94
745.998 1700.62
746.705 1700.29
747.412 1699.96
748.119 1699.63
748.826 1699.3
749.533 1698.97
750.24 1698.64
750.947 1698.3
751.655 1697.97
752.362 1697.63
753.069 1697.3
753.776 1696.96
754.483 1696.62
755.19 1696.28
755.897 1695.94
756.604 1695.6
757.311 1695.26
758.018 1694.92
758.726 1694.57
759.433 1694.23
760.14 1693.88
760.847 1693.54
761.554 1693.19
762.261 1692.84
762.968 1692.49
763.675 1692.14
764.382 1691.79
765.09 1691.43
765.797 1691.08
766.504 1690.73
767.211 1690.37
767.918 1690.01
768.625 1689.66
769.332 1689.3
770.039 1688.94
770.746 1688.58
771.453 1688.22
772.161 1687.85
772.868 1687.49
773.575 1687.13
774.282 1686.76
774.989 1686.39
775.696 1686.03
776.403 1685.66
777.11 1685.29
777.817 1684.92
778.525 1684.55
779.232 1684.17
779.939 1683.8
780.646 1683.43
781.353 1683.05
782.06 1682.67
782.767 1682.3
783.474 1681.92
784.181 1681.54
784.889 1681.16
785.596 1680.78
786.303 1680.4
787.01 1680.01
787.717 1679.63
788.424 1679.24
789.131 1678.86
789.838 1678.47
790.545 1678.08
791.252 1677.69
791.96 1677.3
792.667 1676.91
793.374 1676.52
794.081 1676.13
794.788 1675.73
795.495 1675.34
796.202 1674.94
796.909 1674.55
797.616 1674.15
798.324 1673.75
799.031 1673.35
799.738 1672.95
800.445 1672.55
801.152 1672.14
801.859 1671.74
802.566 1671.34
803.273 1670.93
803.98 1670.52
804.688 1670.12
805.395 1669.71
806.102 1669.3
806.809 1668.89
807.516 1668.48
808.223 1668.06
808.93 1667.65
809.637 1667.24
810.344 1666.82
811.051 1666.4
811.759 1665.99
812.466 1665.57
813.173 1665.15
813.88 1664.73
814.587 1664.31
815.294 1663.88
816.001 1663.46
816.708 1663.04
817.415 1662.61
818.123 1662.18
818.83 1661.76
819.537 1661.33
820.244 1660.9
820.951 1660.47
821.658 1660.04
822.365 1659.61
823.072 1659.17
823.779 1658.74
824.487 1658.3
825.194 1657.87
825.901 1657.43
826.608 1656.99
827.315 1656.55
828.022 1656.11
828.729 1655.67
829.436 1655.23
830.143 1654.79
830.85 1654.34
831.558 1653.9
832.265 1653.45
832.972 1653.01
833.679 1652.56
834.386 1652.11
835.093 1651.66
835.8 1651.21
836.507 1650.76
837.214 1650.3
837.922 1649.85
838.629 1649.4
839.336 1648.94
840.043 1648.48
840.75 1648.03
841.457 1647.57
842.164 1647.11
842.871 1646.65
843.578 1646.19
844.285 1645.72
844.993 1645.26
845.7 1644.8
846.407 1644.33
847.114 1643.86
847.821 1643.4
848.528 1642.93
849.235 1642.46
849.942 1641.99
850.649 1641.52
851.357 1641.04
852.064 1640.57
852.771 1640.1
853.478 1639.62
854.185 1639.15
854.892 1638.67
855.599 1638.19
856.306 1637.71
857.013 1637.23
857.721 1636.75
858.428 1636.27
859.135 1635.78
859.842 1635.3
860.549 1634.82
861.256 1634.33
861.963 1633.84
862.67 1633.35
863.377 1632.87
864.084 1632.38
864.792 1631.88
865.499 1631.39
866.206 1630.9
866.913 1630.41
867.62 1629.91
868.327 1629.41
869.034 1628.92
869.741 1628.42
870.448 1627.92
871.156 1627.42
871.863 1626.92
872.57 1626.42
873.277 1625.92
873.984 1625.41
874.691 1624.91
875.398 1624.4
876.105 1623.9
876.812 1623.39
877.52 1622.88
878.227 1622.37
878.934 1621.86
879.641 1621.35
880.348 1620.84
881.055 1620.32
881.762 1619.81
882.469 1619.29
883.176 1618.78
883.883 1618.26
884.591 1617.74
885.298 1617.22
886.005 1616.7
886.712 1616.18
887.419 1615.66
888.126 1615.13
888.833 1614.61
889.54 1614.08
890.247 1613.56
890.955 1613.03
891.662 1612.5
892.369 1611.97
893.076 1611.44
893.783 1610.91
894.49 1610.38
895.197 1609.85
895.904 1609.31
896.611 1608.78
897.319 1608.24
898.026 1607.7
898.733 1607.17
899.44 1606.63
900.147 1606.09
900.854 1605.55
901.561 1605
902.268 1604.46
902.975 1603.92
903.682 1603.37
904.39 1602.83
905.097 1602.28
905.804 1601.73
906.511 1601.18
907.218 1600.63
907.925 1600.08
908.632 1599.53
909.339 1598.98
910.046 1598.43
910.754 1597.87
911.461 1597.32
912.168 1596.76
912.875 1596.2
913.582 1595.64
914.289 1595.08
914.996 1594.52
915.703 1593.96
916.41 1593.4
917.117 1592.84
917.825 1592.27
918.532 1591.71
919.239 1591.14
919.946 1590.57
920.653 1590
921.36 1589.43
922.067 1588.86
922.774 1588.29
923.481 1587.72
924.189 1587.15
924.896 1586.57
925.603 1586
926.31 1585.42
927.017 1584.84
927.724 1584.27
928.431 1583.69
929.138 1583.11
929.845 1582.53
930.553 1581.94
931.26 1581.36
931.967 1580.78
932.674 1580.19
933.381 1579.6
934.088 1579.02
934.795 1578.43
935.502 1577.84
936.209 1577.25
936.916 1576.66
937.624 1576.07
938.331 1575.48
939.038 1574.88
939.745 1574.29
940.452 1573.69
941.159 1573.09
941.866 1572.5
942.573 1571.9
943.28 1571.3
943.988 1570.7
944.695 1570.1
945.402 1569.49
946.109 1568.89
946.816 1568.28
947.523 1567.68
948.23 1567.07
948.937 1566.46
949.644 1565.86
950.352 1565.25
951.059 1564.64
951.766 1564.02
952.473 1563.41
953.18 1562.8
953.887 1562.18
954.594 1561.57
955.301 1560.95
956.008 1560.34
956.715 1559.72
957.423 1559.1
958.13 1558.48
958.837 1557.86
959.544 1557.23
960.251 1556.61
960.958 1555.99
961.665 1555.36
962.372 1554.74
963.079 1554.11
963.787 1553.48
964.494 1552.85
965.201 1552.22
965.908 1551.59
966.615 1550.96
967.322 1550.32
968.029 1549.69
968.736 1549.06
969.443 1548.42
970.151 1547.78
970.858 1547.14
971.565 1546.51
972.272 1545.87
972.979 1545.22
973.686 1544.58
974.393 1543.94
975.1 1543.3
975.807 1542.65
976.514 1542.01
977.222 1541.36
977.929 1540.71
978.636 1540.06
979.343 1539.41
980.05 1538.76
980.757 1538.11
981.464 1537.46
982.171 1536.8
982.878 1536.15
983.586 1535.49
984.293 1534.84
985 1534.18
985.707 1533.52
986.414 1532.86
987.121 1532.2
987.828 1531.54
988.535 1530.88
989.242 1530.21
989.949 1529.55
990.657 1528.88
991.364 1528.22
992.071 1527.55
992.778 1526.88
993.485 1526.21
994.192 1525.54
994.899 1524.87
995.606 1524.2
996.313 1523.53
997.021 1522.85
997.728 1522.18
998.435 1521.5
999.142 1520.82
999.849 1520.14
1000.56 1519.47
1001.26 1518.79
1001.97 1518.1
1002.68 1517.42
1003.38 1516.74
1004.09 1516.06
1004.8 1515.37
1005.51 1514.68
1006.21 1514
1006.92 1513.31
1007.63 1512.62
1008.33 1511.93
1009.04 1511.24
1009.75 1510.55
1010.46 1509.86
1011.16 1509.16
1011.87 1508.47
1012.58 1507.77
1013.28 1507.07
1013.99 1506.38
1014.7 1505.68
1015.41 1504.98
1016.11 1504.28
1016.82 1503.58
1017.53 1502.87
1018.23 1502.17
1018.94 1501.47
1019.65 1500.76
1020.36 1500.05
1021.06 1499.35
1021.77 1498.64
1022.48 1497.93
1023.18 1497.22
1023.89 1496.51
1024.6 1495.79
1025.3 1495.08
1026.01 1494.37
1026.72 1493.65
1027.43 1492.93
1028.13 1492.22
1028.84 1491.5
1029.55 1490.78
1030.25 1490.06
1030.96 1489.34
1031.67 1488.62
1032.38 1487.89
1033.08 1487.17
1033.79 1486.44
1034.5 1485.72
1035.2 1484.99
1035.91 1484.26
1036.62 1483.53
1037.33 1482.8
1038.03 1482.07
1038.74 1481.34
1039.45 1480.61
1040.15 1479.87
1040.86 1479.14
1041.57 1478.4
1042.28 1477.66
1042.98 1476.93
1043.69 1476.19
1044.4 1475.45
1045.1 1474.71
1045.81 1473.96
1046.52 1473.22
1047.23 1472.48
1047.93 1471.73
1048.64 1470.99
1049.35 1470.24
1050.05 1469.49
1050.76 1468.74
1051.47 1467.99
1052.17 1467.24
1052.88 1466.49
1053.59 1465.74
1054.3 1464.99
1055 1464.23
1055.71 1463.48
1056.42 1462.72
1057.12 1461.96
1057.83 1461.2
1058.54 1460.44
1059.25 1459.68
1059.95 1458.92
1060.66 1458.16
1061.37 1457.4
1062.07 1456.63
1062.78 1455.87
1063.49 1455.1
1064.2 1454.33
1064.9 1453.57
1065.61 1452.8
1066.32 1452.03
1067.02 1451.25
1067.73 1450.48
1068.44 1449.71
1069.15 1448.93
1069.85 1448.16
1070.56 1447.38
1071.27 1446.61
1071.97 1445.83
1072.68 1445.05
1073.39 1444.27
1074.1 1443.49
1074.8 1442.71
1075.51 1441.92
1076.22 1441.14
1076.92 1440.35
1077.63 1439.57
1078.34 1438.78
1079.04 1437.99
1079.75 1437.2
1080.46 1436.42
1081.17 1435.62
1081.87 1434.83
1082.58 1434.04
1083.29 1433.25
1083.99 1432.45
1084.7 1431.66
1085.41 1430.86
1086.12 1430.06
1086.82 1429.26
1087.53 1428.46
1088.24 1427.66
1088.94 1426.86
1089.65 1426.06
1090.36 1425.25
1091.07 1424.45
1091.77 1423.64
1092.48 1422.84
1093.19 1422.03
1093.89 1421.22
1094.6 1420.41
1095.31 1419.6
1096.02 1418.79
1096.72 1417.98
1097.43 1417.16
1098.14 1416.35
1098.84 1415.54
1099.55 1414.72
1100.26 1413.9
1100.97 1413.08
1101.67 1412.26
1102.38 1411.44
1103.09 1410.62
1103.79 1409.8
1104.5 1408.98
1105.21 1408.15
1105.92 1407.33
1106.62 1406.5
1107.33 1405.67
1108.04 1404.85
1108.74 1404.02
1109.45 1403.19
1110.16 1402.36
1110.86 1401.52
1111.57 1400.69
1112.28 1399.86
1112.99 1399.02
1113.69 1398.19
1114.4 1397.35
1115.11 1396.51
1115.81 1395.67
1116.52 1394.83
1117.23 1393.99
1117.94 1393.15
1118.64 1392.31
1119.35 1391.46
1120.06 1390.62
1120.76 1389.77
1121.47 1388.93
1122.18 1388.08
1122.89 1387.23
1123.59 1386.38
1124.3 1385.53
1125.01 1384.68
1125.71 1383.83
1126.42 1382.97
1127.13 1382.12
1127.84 1381.26
1128.54 1380.41
1129.25 1379.55
1129.96 1378.69
1130.66 1377.83
1131.37 1376.97
1132.08 1376.11
1132.79 1375.25
1133.49 1374.38
1134.2 1373.52
1134.91 1372.65
1135.61 1371.79
1136.32 1370.92
1137.03 1370.05
1137.73 1369.18
1138.44 1368.31
1139.15 1367.44
1139.86 1366.57
1140.56 1365.7
1141.27 1364.82
1141.98 1363.95
1142.68 1363.07
1143.39 1362.19
1144.1 1361.32
1144.81 1360.44
1145.51 1359.56
1146.22 1358.68
1146.93 1357.79
1147.63 1356.91
1148.34 1356.03
1149.05 1355.14
1149.76 1354.26
1150.46 1353.37
1151.17 1352.48
1151.88 1351.59
1152.58 1350.7
1153.29 1349.81
1154 1348.92
1154.71 1348.03
1155.41 1347.13
1156.12 1346.24
1156.83 1345.34
1157.53 1344.45
1158.24 1343.55
1158.95 1342.65
1159.66 1341.75
1160.36 1340.85
1161.07 1339.95
1161.78 1339.05
1162.48 1338.14
1163.19 1337.24
1163.9 1336.33
1164.6 1335.43
1165.31 1334.52
1166.02 1333.61
1166.73 1332.7
1167.43 1331.79
1168.14 1330.88
1168.85 1329.97
1169.55 1329.05
1170.26 1328.14
1170.97 1327.22
1171.68 1326.31
1172.38 1325.39
1173.09 1324.47
1173.8 1323.55
1174.5 1322.63
1175.21 1321.71
1175.92 1320.79
1176.63 1319.87
1177.33 1318.94
1178.04 1318.02
1178.75 1317.09
1179.45 1316.16
1180.16 1315.24
1180.87 1314.31
1181.58 1313.38
1182.28 1312.45
1182.99 1311.51
1183.7 1310.58
1184.4 1309.65
1185.11 1308.71
1185.82 1307.78
1186.53 1306.84
1187.23 1305.9
1187.94 1304.96
1188.65 1304.02
1189.35 1303.08
1190.06 1302.14
1190.77 1301.2
1191.47 1300.25
1192.18 1299.31
1192.89 1298.36
1193.6 1297.42
1194.3 1296.47
1195.01 1295.52
1195.72 1294.57
1196.42 1293.62
1197.13 1292.67
1197.84 1291.72
1198.55 1290.76
1199.25 1289.81
1199.96 1288.85
1200.67 1287.9
1201.37 1286.94
1202.08 1285.98
1202.79 1285.02
1203.5 1284.06
1204.2 1283.1
1204.91 1282.14
1205.62 1281.17
1206.32 1280.21
1207.03 1279.25
1207.74 1278.28
1208.45 1277.31
1209.15 1276.34
1209.86 1275.37
1210.57 1274.4
1211.27 1273.43
1211.98 1272.46
1212.69 1271.49
1213.4 1270.51
1214.1 1269.54
1214.81 1268.56
1215.52 1267.59
1216.22 1266.61
1216.93 1265.63
1217.64 1264.65
1218.34 1263.67
1219.05 1262.69
1219.76 1261.7
1220.47 1260.72
1221.17 1259.73
1221.88 1258.75
1222.59 1257.76
1223.29 1256.77
1224 1255.78
1224.71 1254.8
1225.42 1253.8
1226.12 1252.81
1226.83 1251.82
1227.54 1250.83
1228.24 1249.83
1228.95 1248.84
1229.66 1247.84
1230.37 1246.84
1231.07 1245.84
1231.78 1244.84
1232.49 1243.84
1233.19 1242.84
1233.9 1241.84
1234.61 1240.84
1235.32 1239.83
1236.02 1238.83
1236.73 1237.82
1237.44 1236.81
1238.14 1235.8
1238.85 1234.79
1239.56 1233.78
1240.27 1232.77
1240.97 1231.76
1241.68 1230.75
1242.39 1229.73
1243.09 1228.72
1243.8 1227.7
1244.51 1226.68
1245.22 1225.67
1245.92 1224.65
1246.63 1223.63
1247.34 1222.61
1248.04 1221.58
1248.75 1220.56
1249.46 1219.54
1250.16 1218.51
1250.87 1217.49
1251.58 1216.46
1252.29 1215.43
1252.99 1214.4
1253.7 1213.37
1254.41 1212.34
1255.11 1211.31
1255.82 1210.28
1256.53 1209.24
1257.24 1208.21
1257.94 1207.17
1258.65 1206.13
1259.36 1205.1
1260.06 1204.06
1260.77 1203.02
1261.48 1201.98
1262.19 1200.94
1262.89 1199.89
1263.6 1198.85
1264.31 1197.8
1265.01 1196.76
1265.72 1195.71
1266.43 1194.66
1267.14 1193.62
1267.84 1192.57
1268.55 1191.52
1269.26 1190.46
1269.96 1189.41
1270.67 1188.36
1271.38 1187.3
1272.09 1186.25
1272.79 1185.19
1273.5 1184.13
1274.21 1183.08
1274.91 1182.02
1275.62 1180.96
1276.33 1179.9
1277.03 1178.83
1277.74 1177.77
1278.45 1176.71
1279.16 1175.64
1279.86 1174.57
1280.57 1173.51
1281.28 1172.44
1281.98 1171.37
1282.69 1170.3
1283.4 1169.23
1284.11 1168.16
1284.81 1167.08
1285.52 1166.01
1286.23 1164.93
1286.93 1163.86
1287.64 1162.78
1288.35 1161.7
1289.06 1160.62
1289.76 1159.54
1290.47 1158.46
1291.18 1157.38
1291.88 1156.3
1292.59 1155.22
1293.3 1154.13
1294.01 1153.04
1294.71 1151.96
1295.42 1150.87
1296.13 1149.78
1296.83 1148.69
1297.54 1147.6
1298.25 1146.51
1298.96 1145.42
1299.66 1144.32
1300.37 1143.23
1301.08 1142.13
1301.78 1141.04
1302.49 1139.94
1303.2 1138.84
1303.9 1137.74
1304.61 1136.64
1305.32 1135.54
1306.03 1134.44
1306.73 1133.33
1307.44 1132.23
1308.15 1131.12
1308.85 1130.02
1309.56 1128.91
1310.27 1127.8
1310.98 1126.69
1311.68 1125.58
1312.39 1124.47
1313.1 1123.36
1313.8 1122.24
1314.51 1121.13
1315.22 1120.01
1315.93 1118.9
1316.63 1117.78
1317.34 1116.66
1318.05 1115.54
1318.75 1114.42
1319.46 1113.3
1320.17 1112.18
1320.88 1111.06
1321.58 1109.93
1322.29 1108.81
1323 1107.68
1323.7 1106.56
1324.41 1105.43
1325.12 1104.3
1325.83 1103.17
1326.53 1102.04
1327.24 1100.91
1327.95 1099.77
1328.65 1098.64
1329.36 1097.5
1330.07 1096.37
1330.77 1095.23
1331.48 1094.09
1332.19 1092.96
1332.9 1091.82
1333.6 1090.68
1334.31 1089.53
1335.02 1088.39
1335.72 1087.25
1336.43 1086.1
1337.14 1084.96
1337.85 1083.81
1338.55 1082.66
1339.26 1081.51
1339.97 1080.37
1340.67 1079.21
1341.38 1078.06
1342.09 1076.91
1342.8 1075.76
1343.5 1074.6
1344.21 1073.45
1344.92 1072.29
1345.62 1071.13
1346.33 1069.98
1347.04 1068.82
1347.75 1067.66
1348.45 1066.49
1349.16 1065.33
1349.87 1064.17
1350.57 1063
1351.28 1061.84
1351.99 1060.67
1352.7 1059.51
1353.4 1058.34
1354.11 1057.17
1354.82 1056
1355.52 1054.83
1356.23 1053.66
1356.94 1052.48
1357.65 1051.31
1358.35 1050.13
1359.06 1048.96
1359.77 1047.78
1360.47 1046.6
1361.18 1045.42
1361.89 1044.24
1362.59 1043.06
1363.3 1041.88
1364.01 1040.7
1364.72 1039.52
1365.42 1038.33
1366.13 1037.14
1366.84 1035.96
1367.54 1034.77
1368.25 1033.58
1368.96 1032.39
1369.67 1031.2
1370.37 1030.01
1371.08 1028.82
1371.79 1027.62
1372.49 1026.43
1373.2 1025.23
1373.91 1024.04
1374.62 1022.84
1375.32 1021.64
1376.03 1020.44
1376.74 1019.24
1377.44 1018.04
1378.15 1016.84
1378.86 1015.63
1379.57 1014.43
1380.27 1013.22
1380.98 1012.02
1381.69 1010.81
1382.39 1009.6
1383.1 1008.39
1383.81 1007.18
1384.52 1005.97
1385.22 1004.76
1385.93 1003.55
1386.64 1002.33
1387.34 1001.12
1388.05 999.9
1388.76 998.683
1389.46 997.465
1390.17 996.245
1390.88 995.025
1391.59 993.804
1392.29 992.582
1393 991.359
1393.71 990.135
1394.41 988.91
1395.12 987.684
1395.83 986.458
1396.54 985.23
1397.24 984.001
1397.95 982.771
1398.66 981.54
1399.36 980.308
1400.07 979.075
1400.78 977.842
1401.49 976.607
1402.19 975.371
1402.9 974.134
1403.61 972.897
1404.31 971.658
1405.02 970.418
1405.73 969.178
1406.44 967.936
1407.14 966.693
1407.85 965.45
1408.56 964.205
1409.26 962.96
1409.97 961.713
1410.68 960.466
1411.39 959.217
1412.09 957.968
1412.8 956.717
1413.51 955.466
1414.21 954.214
1414.92 952.96
1415.63 951.706
1416.33 950.45
1417.04 949.194
1417.75 947.937
1418.46 946.679
1419.16 945.419
1419.87 944.159
1420.58 942.898
1421.28 941.636
1421.99 940.372
1422.7 939.108
1423.41 937.843
1424.11 936.577
1424.82 935.31
1425.53 934.042
1426.23 932.773
1426.94 931.503
1427.65 930.232
1428.36 928.96
1429.06 927.687
1429.77 926.413
1430.48 925.138
1431.18 923.862
1431.89 922.585
1432.6 921.307
1433.31 920.028
1434.01 918.748
1434.72 917.468
1435.43 916.186
1436.13 914.903
1436.84 913.619
1437.55 912.334
1438.26 911.049
1438.96 909.762
1439.67 908.474
1440.38 907.186
1441.08 905.896
1441.79 904.605
1442.5 903.314
1443.2 902.021
1443.91 900.728
1444.62 899.433
1445.33 898.138
1446.03 896.841
1446.74 895.544
1447.45 894.245
1448.15 892.946
1448.86 891.645
1449.57 890.344
1450.28 889.042
1450.98 887.738
1451.69 886.434
1452.4 885.128
1453.1 883.822
1453.81 882.515
1454.52 881.207
1455.23 879.897
1455.93 878.587
1456.64 877.276
1457.35 875.964
1458.05 874.651
1458.76 873.336
1459.47 872.021
1460.18 870.705
1460.88 869.388
1461.59 868.07
1462.3 866.751
1463 865.431
1463.71 864.11
1464.42 862.788
1465.13 861.465
1465.83 860.141
1466.54 858.816
1467.25 857.49
1467.95 856.163
1468.66 854.836
1469.37 853.507
1470.07 852.177
1470.78 850.846
1471.49 849.514
1472.2 848.182
1472.9 846.848
1473.61 845.513
1474.32 844.177
1475.02 842.841
1475.73 841.503
1476.44 840.164
1477.15 838.825
1477.85 837.484
1478.56 836.143
1479.27 834.8
1479.97 833.456
1480.68 832.112
1481.39 830.766
1482.1 829.42
1482.8 828.073
1483.51 826.724
1484.22 825.375
1484.92 824.024
1485.63 822.673
1486.34 821.32
1487.05 819.967
1487.75 818.613
1488.46 817.258
1489.17 815.901
1489.87 814.544
1490.58 813.186
1491.29 811.827
1492 810.466
1492.7 809.105
1493.41 807.743
1494.12 806.38
1494.82 805.016
1495.53 803.651
1496.24 802.285
1496.95 800.917
1497.65 799.549
1498.36 798.18
1499.07 796.81
1499.77 795.439
1500.48 794.067
1501.19 792.694
1501.89 791.321
1502.6 789.946
1503.31 788.57
1504.02 787.193
1504.72 785.815
1505.43 784.436
1506.14 783.056
1506.84 781.676
1507.55 780.294
1508.26 778.911
1508.97 777.527
1509.67 776.143
1510.38 774.757
1511.09 773.37
1511.79 771.983
1512.5 770.594
1513.21 769.205
1513.92 767.814
1514.62 766.422
1515.33 765.03
1516.04 763.636
1516.74 762.242
1517.45 760.846
1518.16 759.45
1518.87 758.052
1519.57 756.654
1520.28 755.255
1520.99 753.854
1521.69 752.453
1522.4 751.05
1523.11 749.647
1523.82 748.243
1524.52 746.838
1525.23 745.431
1525.94 744.024
1526.64 742.616
1527.35 741.207
1528.06 739.796
1528.76 738.385
1529.47 736.973
1530.18 735.56
1530.89 734.146
1531.59 732.731
1532.3 731.315
1533.01 729.898
1533.71 728.48
1534.42 727.061
1535.13 725.641
1535.84 724.22
1536.54 722.798
1537.25 721.375
1537.96 719.951
1538.66 718.526
1539.37 717.1
1540.08 715.673
1540.79 714.246
1541.49 712.817
1542.2 711.387
1542.91 709.956
1543.61 708.524
1544.32 707.092
1545.03 705.658
1545.74 704.223
1546.44 702.788
1547.15 701.351
1547.86 699.913
1548.56 698.475
1549.27 697.035
1549.98 695.595
1550.69 694.153
1551.39 692.711
1552.1 691.267
1552.81 689.823
1553.51 688.377
1554.22 686.931
1554.93 685.483
1555.63 684.035
1556.34 682.586
1557.05 681.135
1557.76 679.684
1558.46 678.232
1559.17 676.778
1559.88 675.324
1560.58 673.869
1561.29 672.412
1562 670.955
1562.71 669.497
1563.41 668.038
1564.12 666.578
1564.83 665.116
1565.53 663.654
1566.24 662.191
1566.95 660.727
1567.66 659.262
1568.36 657.796
1569.07 656.329
1569.78 654.861
1570.48 653.392
1571.19 651.922
1571.9 650.451
1572.61 648.979
1573.31 647.506
1574.02 646.032
1574.73 644.558
1575.43 643.082
1576.14 641.605
1576.85 640.127
1577.56 638.648
1578.26 637.169
1578.97 635.688
1579.68 634.206
1580.38 632.723
1581.09 631.24
1581.8 629.755
1582.5 628.269
1583.21 626.783
1583.92 625.295
1584.63 623.807
1585.33 622.317
1586.04 620.827
1586.75 619.335
1587.45 617.842
1588.16 616.349
1588.87 614.855
1589.58 613.359
1590.28 611.863
1590.99 610.365
1591.7 608.867
1592.4 607.368
1593.11 605.867
1593.82 604.366
1594.53 602.864
1595.23 601.36
1595.94 599.856
1596.65 598.351
1597.35 596.845
1598.06 595.337
1598.77 593.829
1599.48 592.32
1600.18 590.81
1600.89 589.299
1601.6 587.787
1602.3 586.274
1603.01 584.759
1603.72 583.244
1604.43 581.728
1605.13 580.211
1605.84 578.693
1606.55 577.174
1607.25 575.655
1607.96 574.134
1608.67 572.612
1609.38 571.089
1610.08 569.565
1610.79 568.04
1611.5 566.514
1612.2 564.987
1612.91 563.46
1613.62 561.931
1614.32 560.401
1615.03 558.87
1615.74 557.339
1616.45 555.806
1617.15 554.272
1617.86 552.738
1618.57 551.202
1619.27 549.666
1619.98 548.128
1620.69 546.589
1621.4 545.05
1622.1 543.509
1622.81 541.968
1623.52 540.425
1624.22 538.882
1624.93 537.337
1625.64 535.792
1626.35 534.246
1627.05 532.698
1627.76 531.15
1628.47 529.601
1629.17 528.05
1629.88 526.499
1630.59 524.947
1631.3 523.393
1632 521.839
1632.71 520.284
1633.42 518.728
1634.12 517.17
1634.83 515.612
1635.54 514.053
1636.25 512.493
1636.95 510.932
1637.66 509.37
1638.37 507.807
1639.07 506.243
1639.78 504.678
1640.49 503.112
1641.19 501.545
1641.9 499.977
1642.61 498.408
1643.32 496.838
1644.02 495.267
1644.73 493.695
1645.44 492.122
1646.14 490.548
1646.85 488.974
1647.56 487.398
1648.27 485.821
1648.97 484.243
1649.68 482.665
1650.39 481.085
1651.09 479.504
1651.8 477.922
1652.51 476.34
1653.22 474.756
1653.92 473.171
1654.63 471.586
1655.34 469.999
1656.04 468.412
1656.75 466.823
1657.46 465.234
1658.17 463.643
1658.87 462.052
1659.58 460.459
1660.29 458.866
1660.99 457.271
1661.7 455.676
1662.41 454.08
1663.12 452.482
1663.82 450.884
1664.53 449.285
1665.24 447.684
1665.94 446.083
1666.65 444.481
1667.36 442.877
1668.06 441.273
1668.77 439.668
1669.48 438.062
1670.19 436.455
1670.89 434.847
1671.6 433.237
1672.31 431.627
1673.01 430.016
1673.72 428.404
1674.43 426.791
1675.14 425.177
1675.84 423.562
1676.55 421.946
1677.26 420.329
1677.96 418.711
1678.67 417.092
1679.38 415.472
1680.09 413.851
1680.79 412.23
1681.5 410.607
1682.21 408.983
1682.91 407.358
1683.62 405.732
1684.33 404.106
1685.04 402.478
1685.74 400.849
1686.45 399.219
1687.16 397.589
1687.86 395.957
1688.57 394.324
1689.28 392.691
1689.99 391.056
1690.69 389.421
1691.4 387.784
1692.11 386.147
1692.81 384.508
1693.52 382.868
1694.23 381.228
1694.93 379.587
1695.64 377.944
1696.35 376.301
1697.06 374.656
1697.76 373.011
1698.47 371.365
1699.18 369.717
1699.88 368.069
1700.59 366.42
1701.3 364.769
1702.01 363.118
1702.71 361.466
1703.42 359.813
1704.13 358.158
1704.83 356.503
1705.54 354.847
1706.25 353.19
1706.96 351.532
1707.66 349.873
1708.37 348.213
1709.08 346.551
1709.78 344.889
1710.49 343.226
1711.2 341.562
1711.91 339.897
1712.61 338.231
1713.32 336.565
1714.03 334.897
1714.73 333.228
1715.44 331.558
1716.15 329.887
1716.86 328.215
1717.56 326.542
1718.27 324.868
1718.98 323.194
1719.68 321.518
1720.39 319.841
1721.1 318.163
1721.81 316.485
1722.51 314.805
1723.22 313.124
1723.93 311.443
1724.63 309.76
1725.34 308.077
1726.05 306.392
1726.75 304.706
1727.46 303.02
1728.17 301.332
1728.88 299.644
1729.58 297.954
1730.29 296.264
1731 294.572
1731.7 292.88
1732.41 291.187
1733.12 289.492
1733.83 287.797
1734.53 286.101
1735.24 284.403
1735.95 282.705
1736.65 281.006
1737.36 279.305
1738.07 277.604
1738.78 275.902
1739.48 274.199
1740.19 272.494
1740.9 270.789
1741.6 269.083
1742.31 267.376
1743.02 265.668
1743.73 263.959
1744.43 262.249
1745.14 260.538
1745.85 258.826
1746.55 257.113
1747.26 255.399
1747.97 253.684
1748.68 251.968
1749.38 250.251
1750.09 248.533
1750.8 246.814
1751.5 245.094
1752.21 243.373
1752.92 241.652
1753.62 239.929
1754.33 238.205
1755.04 236.48
1755.75 234.755
1756.45 233.028
1757.16 231.3
1757.87 229.571
1758.57 227.842
1759.28 226.111
1759.99 224.379
1760.7 222.647
1761.4 220.913
1762.11 219.179
1762.82 217.443
1763.52 215.707
1764.23 213.969
1764.94 212.231
1765.65 210.491
1766.35 208.751
1767.06 207.009
1767.77 205.267
1768.47 203.524
1769.18 201.779
1769.89 200.034
1770.6 198.288
1771.3 196.54
1772.01 194.792
1772.72 193.043
1773.42 191.292
1774.13 189.541
1774.84 187.789
1775.55 186.036
1776.25 184.282
1776.96 182.527
1777.67 180.77
1778.37 179.013
1779.08 177.255
1779.79 175.496
1780.49 173.736
1781.2 171.975
1781.91 170.213
1782.62 168.45
1783.32 166.686
1784.03 164.921
1784.74 163.155
1785.44 161.388
1786.15 159.62
1786.86 157.852
1787.57 156.082
1788.27 154.311
1788.98 152.539
1789.69 150.766
1790.39 148.993
1791.1 147.218
1791.81 145.442
1792.52 143.665
1793.22 141.888
1793.93 140.109
1794.64 138.329
1795.34 136.549
1796.05 134.767
1796.76 132.985
1797.47 131.201
1798.17 129.417
1798.88 127.631
1799.59 125.845
1800.29 124.057
1801 122.269
1801.71 120.479
1802.42 118.689
1803.12 116.897
1803.83 115.105
1804.54 113.312
1805.24 111.517
1805.95 109.722
1806.66 107.926
1807.36 106.128
1808.07 104.33
1808.78 102.531
1809.49 100.731
1810.19 98.9294
1810.9 97.1272
1811.61 95.324
1812.31 93.5199
1813.02 91.7147
1813.73 89.9086
1814.44 88.1016
1815.14 86.2935
1815.85 84.4845
1816.56 82.6744
1817.26 80.8634
1817.97 79.0514
1818.68 77.2385
1819.39 75.4245
1820.09 73.6096
1820.8 71.7937
1821.51 69.9768
1822.21 68.159
1822.92 66.3401
1823.63 64.5203
1824.34 62.6995
1825.04 60.8777
1825.75 59.0549
1826.46 57.2312
1827.16 55.4065
1827.87 53.5808
1828.58 51.7541
1829.29 49.9264
1829.99 48.0978
1830.7 46.2682
1831.41 44.4376
1832.11 42.606
1832.82 40.7734
1833.53 38.9399
1834.23 37.1054
1834.94 35.2698
1835.65 33.4334
1836.36 31.5959
1837.06 29.7575
1837.77 27.918
1838.48 26.0776
1839.18 24.2362
1839.89 22.3939
1840.6 20.5505
1841.31 18.7062
1842.01 16.8609
1842.72 15.0146
1843.43 13.1674
1844.13 11.3191
1844.84 9.4699
1845.55 7.6197
1846.26 5.76852
1846.96 3.91635
1847.67 2.06321
1848.38 0.209086
1849.08 -1.64602
