0 0
0.704926 0.704436
1.40552 1.40356
2.10183 2.09744
2.79393 2.78613
3.48185 3.46969
4.16567 4.14819
4.84542 4.82167
5.52116 5.4902
6.19293 6.15384
6.8608 6.81263
7.52481 7.46663
8.185 8.11589
8.84142 8.76047
9.49412 9.40041
10.1431 10.0358
10.7885 10.6666
11.4303 11.2929
12.0686 11.9148
12.7033 12.5323
13.3346 13.1454
13.9625 13.7543
14.587 14.3589
15.2081 14.9592
15.8259 15.5554
16.4405 16.1475
17.0518 16.7354
17.66 17.3194
18.265 17.8993
18.8668 18.4752
19.4656 19.0472
20.0613 19.6153
20.654 20.1795
21.2437 20.7399
21.8305 21.2966
22.4143 21.8494
22.9953 22.3986
23.5734 22.9441
24.1486 23.4859
24.7211 24.0241
25.2908 24.5587
25.8577 25.0898
26.422 25.6174
26.9836 26.1415
27.5425 26.6621
28.0988 27.1793
28.6524 27.6931
29.2035 28.2035
29.7521 28.7106
30.2982 29.2143
30.8417 29.7148
31.3828 30.2121
31.9214 30.7061
32.4576 31.1969
32.9914 31.6845
33.5229 32.169
34.052 32.6504
34.5787 33.1287
35.1032 33.6039
35.6253 34.076
36.1453 34.5451
36.6629 35.0112
37.1784 35.4744
37.6917 35.9346
38.2027 36.3919
38.7117 36.8462
39.2185 37.2977
39.7232 37.7463
40.2258 38.1921
40.7263 38.635
41.2247 39.0751
41.7211 39.5125
42.2155 39.9471
42.708 40.379
43.1984 40.8081
43.6868 41.2346
44.1733 41.6584
44.6579 42.0795
45.1406 42.498
45.6214 42.9138
46.1003 43.3271
46.5773 43.7377
47.0525 44.1458
47.5259 44.5514
47.9974 44.9544
48.4672 45.3549
48.9352 45.7529
49.4014 46.1484
49.8658 46.5414
50.3285 46.932
50.7896 47.3202
51.2488 47.706
51.7065 48.0893
52.1624 48.4703
52.6166 48.8489
53.0693 49.2251
53.5202 49.599
53.9696 49.9706
54.4173 50.3399
54.8635 50.7068
55.3081 51.0715
55.7511 51.4339
56.1925 51.7941
56.6324 52.152
57.0708 52.5077
57.5076 52.8612
57.943 53.2125
58.3768 53.5616
58.8092 53.9086
59.2401 54.2533
59.6695 54.596
60.0975 54.9365
60.5241 55.2748
60.9492 55.6111
61.3729 55.9452
61.7952 56.2773
62.2162 56.6073
62.6357 56.9353
63.0539 57.2611
63.4707 57.585
63.8861 57.9068
64.3003 58.2266
64.7131 58.5444
65.1245 58.8602
65.5347 59.174
65.9435 59.4858
66.3511 59.7957
66.7574 60.1036
67.1624 60.4096
67.5662 60.7136
67.9687 61.0158
68.37 61.316
68.77 61.6143
69.1688 61.9107
69.5664 62.2052
69.9628 62.4979
70.358 62.7887
70.752 63.0776
71.1448 63.3647
71.5365 63.65
71.927 63.9334
72.3163 64.215
72.7045 64.4948
73.0915 64.7728
73.4774 65.049
73.8622 65.3235
74.2459 65.5961
74.6285 65.867
75.0099 66.1361
75.3903 66.4035
75.7696 66.6691
76.1478 66.933
76.525 67.1952
76.9011 67.4556
77.2761 67.7144
77.6501 67.9714
78.023 68.2268
78.395 68.4804
78.7658 68.7324
79.1357 68.9827
79.5046 69.2314
79.8724 69.4783
80.2393 69.7237
80.6051 69.9674
80.97 70.2094
81.3339 70.4499
81.6968 70.6887
82.0588 70.9258
82.4198 71.1614
82.7798 71.3954
83.1389 71.6278
83.4971 71.8586
83.8543 72.0878
84.2106 72.3154
84.566 72.5415
84.9204 72.766
85.274 72.9889
85.6266 73.2103
85.9783 73.4302
86.3292 73.6485
86.6791 73.8652
87.0282 74.0805
87.3764 74.2942
87.7237 74.5064
88.0702 74.7171
88.4158 74.9263
88.7605 75.134
89.1044 75.3403
89.4475 75.545
89.7897 75.7482
90.1311 75.95
90.4716 76.1503
90.8113 76.3491
91.1502 76.5465
91.4883 76.7424
91.8256 76.9369
92.1621 77.1299
92.4978 77.3215
92.8326 77.5117
93.1667 77.7004
93.5 77.8877
93.8326 78.0736
94.1643 78.2581
94.4953 78.4411
94.8255 78.6228
95.155 78.8031
95.4837 78.9819
95.8116 79.1594
96.1388 79.3355
96.4653 79.5102
96.791 79.6836
97.1159 79.8555
97.4402 80.0261
97.7637 80.1954
98.0865 80.3632
98.4086 80.5298
98.7299 80.6949
99.0506 80.8588
99.3705 81.0212
99.6898 81.1824
100.008 81.3422
100.326 81.5007
100.643 81.6579
100.96 81.8137
101.276 81.9682
101.591 82.1214
101.905 82.2734
102.219 82.424
102.532 82.5733
102.844 82.7213
103.156 82.868
103.467 83.0134
103.778 83.1575
104.087 83.3004
104.397 83.442
104.705 83.5823
105.013 83.7213
105.32 83.859
105.627 83.9955
105.933 84.1308
106.238 84.2648
106.543 84.3975
106.847 84.529
107.15 84.6592
107.453 84.7882
107.756 84.9159
108.057 85.0425
108.358 85.1677
108.659 85.2918
108.959 85.4146
109.258 85.5362
109.557 85.6566
109.855 85.7757
110.152 85.8937
110.449 86.0104
110.745 86.126
111.041 86.2403
111.336 86.3534
111.631 86.4653
111.925 86.5761
112.218 86.6856
112.511 86.7939
112.804 86.9011
113.096 87.0071
113.387 87.1119
113.677 87.2155
113.968 87.3179
114.257 87.4192
114.546 87.5193
114.835 87.6182
115.123 87.716
115.41 87.8126
115.697 87.908
115.984 88.0023
116.269 88.0954
116.555 88.1874
116.839 88.2782
117.124 88.3679
117.408 88.4565
117.691 88.5439
117.973 88.6301
118.256 88.7153
118.537 88.7992
118.819 88.8821
119.099 88.9638
119.38 89.0445
119.659 89.1239
119.938 89.2023
120.217 89.2795
120.495 89.3557
120.773 89.4307
121.05 89.5046
121.327 89.5774
121.603 89.6491
121.879 89.7196
122.154 89.7891
122.429 89.8575
122.704 89.9248
122.977 89.9909
123.251 90.056
123.524 90.12
123.796 90.1829
124.068 90.2448
124.34 90.3055
124.611 90.3651
124.881 90.4237
125.152 90.4812
125.421 90.5376
125.691 90.5929
125.959 90.6472
126.228 90.7004
126.496 90.7525
126.763 90.8036
127.03 90.8536
127.297 90.9025
127.563 90.9504
127.828 90.9972
128.094 91.0429
128.358 91.0876
128.623 91.1313
128.887 91.1738
129.15 91.2154
129.413 91.2559
129.676 91.2953
129.938 91.3337
130.2 91.3711
130.461 91.4074
130.722 91.4427
130.983 91.4769
131.243 91.5101
131.503 91.5423
131.762 91.5735
132.021 91.6036
132.279 91.6327
132.537 91.6607
132.795 91.6878
133.052 91.7138
133.309 91.7388
133.565 91.7627
133.821 91.7857
134.077 91.8076
134.332 91.8286
134.587 91.8485
134.841 91.8674
135.095 91.8853
135.349 91.9022
135.602 91.918
135.855 91.9329
136.107 91.9468
136.359 91.9596
136.611 91.9715
136.862 91.9824
137.113 91.9923
137.364 92.0011
137.614 92.009
137.863 92.0159
138.113 92.0218
138.362 92.0267
138.61 92.0307
138.859 92.0336
139.106 92.0356
139.354 92.0365
139.601 92.0365
139.848 92.0355
140.094 92.0336
140.34 92.0306
140.586 92.0267
140.831 92.0218
141.076 92.0159
141.32 92.0091
141.564 92.0013
141.808 91.9925
142.051 91.9828
142.294 91.9721
142.537 91.9604
142.779 91.9478
143.021 91.9342
143.263 91.9196
143.504 91.9041
143.745 91.8876
143.986 91.8702
144.226 91.8518
144.466 91.8325
144.705 91.8122
144.944 91.7909
145.183 91.7688
145.421 91.7456
145.659 91.7216
145.897 91.6965
146.134 91.6706
146.372 91.6436
146.608 91.6158
146.845 91.587
147.081 91.5573
147.316 91.5266
147.551 91.495
147.786 91.4625
148.021 91.429
148.255 91.3946
148.489 91.3593
148.723 91.323
148.956 91.2858
149.189 91.2477
149.422 91.2087
149.654 91.1687
149.886 91.1279
150.117 91.0861
150.349 91.0433
150.58 90.9997
150.81 90.9551
151.04 90.9097
151.27 90.8633
151.5 90.816
151.729 90.7677
151.958 90.7186
152.187 90.6686
152.415 90.6176
152.643 90.5658
152.871 90.513
153.098 90.4594
153.325 90.4048
153.552 90.3493
153.778 90.293
154.004 90.2357
154.23 90.1775
154.455 90.1185
154.68 90.0585
154.905 89.9977
155.129 89.9359
155.353 89.8733
155.577 89.8097
155.8 89.7453
156.024 89.68
156.246 89.6138
156.469 89.5467
156.691 89.4788
156.913 89.4099
157.134 89.3402
157.356 89.2696
157.577 89.1981
157.797 89.1257
158.018 89.0525
158.237 88.9783
158.457 88.9033
158.677 88.8275
158.896 88.7507
159.114 88.6731
159.333 88.5946
159.551 88.5153
159.769 88.435
159.986 88.354
160.203 88.272
160.42 88.1892
160.637 88.1055
160.853 88.021
161.069 87.9356
161.285 87.8493
161.5 87.7622
161.715 87.6742
161.93 87.5854
162.144 87.4957
162.358 87.4052
162.572 87.3138
162.786 87.2216
162.999 87.1285
163.212 87.0346
163.424 86.9398
163.637 86.8442
163.849 86.7477
164.06 86.6504
164.272 86.5522
164.483 86.4532
164.694 86.3534
164.904 86.2527
165.114 86.1512
165.324 86.0489
165.534 85.9457
165.743 85.8417
165.952 85.7369
166.161 85.6312
166.369 85.5247
166.577 85.4174
166.785 85.3093
166.992 85.2003
167.2 85.0905
167.407 84.9799
167.613 84.8684
167.82 84.7562
168.026 84.6431
168.231 84.5292
168.437 84.4145
168.642 84.299
168.847 84.1826
169.051 84.0655
169.255 83.9475
169.459 83.8287
169.663 83.7092
169.866 83.5888
170.069 83.4676
170.272 83.3456
170.475 83.2228
170.677 83.0992
170.879 82.9748
171.08 82.8495
171.282 82.7235
171.483 82.5967
171.683 82.4691
171.884 82.3408
172.084 82.2116
172.284 82.0816
172.483 81.9508
172.683 81.8193
172.882 81.6869
173.08 81.5538
173.279 81.4199
173.477 81.2852
173.674 81.1497
173.872 81.0135
174.069 80.8764
174.266 80.7386
174.463 80.6
174.659 80.4606
174.855 80.3205
175.051 80.1796
175.246 80.0379
175.442 79.8954
175.637 79.7522
175.831 79.6082
176.026 79.4634
176.22 79.3179
176.413 79.1716
176.607 79.0245
176.8 78.8767
176.993 78.7281
177.185 78.5788
177.378 78.4287
177.57 78.2778
177.762 78.1262
177.953 77.9739
178.144 77.8207
178.335 77.6669
178.526 77.5123
178.716 77.3569
178.906 77.2008
179.096 77.044
179.285 76.8864
179.474 76.728
179.663 76.569
179.852 76.4091
180.04 76.2486
180.228 76.0873
180.416 75.9253
180.603 75.7625
180.791 75.599
180.977 75.4348
181.164 75.2699
181.35 75.1042
181.536 74.9378
181.722 74.7706
181.908 74.6028
182.093 74.4342
182.278 74.2649
182.462 74.0949
182.647 73.9241
182.831 73.7527
183.014 73.5805
183.198 73.4076
183.381 73.234
183.564 73.0597
183.747 72.8847
183.929 72.7089
184.111 72.5325
184.293 72.3553
184.474 72.1775
184.655 71.9989
184.836 71.8197
185.017 71.6397
185.197 71.4591
185.377 71.2777
185.557 71.0957
185.737 70.9129
185.916 70.7295
186.095 70.5454
186.274 70.3606
186.452 70.175
186.63 69.9889
186.808 69.802
186.986 69.6144
187.163 69.4262
187.34 69.2372
187.516 69.0476
187.693 68.8573
187.869 68.6664
188.045 68.4747
188.221 68.2824
188.396 68.0894
188.571 67.8958
188.746 67.7014
188.92 67.5064
189.094 67.3108
189.268 67.1144
189.442 66.9174
189.615 66.7198
189.788 66.5214
189.961 66.3225
190.133 66.1228
190.306 65.9225
190.478 65.7216
190.649 65.52
190.821 65.3177
190.992 65.1148
191.163 64.9112
191.333 64.707
191.503 64.5022
191.673 64.2966
191.843 64.0905
192.013 63.8837
192.182 63.6763
192.351 63.4682
192.519 63.2595
192.688 63.0502
192.856 62.8402
193.023 62.6296
193.191 62.4183
193.358 62.2064
193.525 61.9939
193.692 61.7808
193.858 61.567
194.024 61.3527
194.19 61.1377
194.356 60.922
194.521 60.7058
194.686 60.4889
194.851 60.2714
195.015 60.0533
195.179 59.8346
195.343 59.6153
195.507 59.3953
195.67 59.1748
195.833 58.9536
195.996 58.7318
196.159 58.5095
196.321 58.2865
196.483 58.0629
196.645 57.8387
196.806 57.6139
196.967 57.3885
197.128 57.1626
197.289 56.936
197.449 56.7088
197.609 56.4811
197.769 56.2527
197.929 56.0238
198.088 55.7942
198.247 55.5641
198.406 55.3334
198.564 55.1021
198.722 54.8703
198.88 54.6378
199.038 54.4048
199.195 54.1712
199.352 53.937
199.509 53.7023
199.665 53.4669
199.822 53.231
199.978 52.9946
200.133 52.7575
200.289 52.5199
200.444 52.2817
200.599 52.043
200.754 51.8037
200.908 51.5638
201.062 51.3234
201.216 51.0824
201.369 50.8409
201.523 50.5988
201.676 50.3562
201.828 50.113
201.981 49.8692
202.133 49.6249
202.285 49.3801
202.437 49.1347
202.588 48.8887
202.739 48.6422
202.89 48.3952
203.041 48.1476
203.191 47.8995
203.341 47.6509
203.491 47.4017
203.64 47.152
203.79 46.9017
203.939 46.651
204.087 46.3996
204.236 46.1478
204.384 45.8954
204.532 45.6425
204.68 45.3891
204.827 45.1352
204.974 44.8807
205.121 44.6257
205.267 44.3702
205.414 44.1142
205.56 43.8576
205.706 43.6006
205.851 43.343
205.996 43.0849
206.141 42.8263
206.286 42.5672
206.431 42.3076
206.575 42.0475
206.719 41.7869
206.863 41.5257
207.006 41.2641
207.149 41.002
207.292 40.7394
207.435 40.4762
207.577 40.2126
207.719 39.9485
207.861 39.6839
208.003 39.4188
208.144 39.1532
208.285 38.8871
208.426 38.6206
208.566 38.3535
208.707 38.086
208.847 37.818
208.986 37.5495
209.126 37.2805
209.265 37.011
209.404 36.7411
209.543 36.4707
209.681 36.1998
209.819 35.9284
209.957 35.6566
210.095 35.3843
210.233 35.1115
210.37 34.8383
210.507 34.5646
210.643 34.2904
210.78 34.0157
210.916 33.7406
211.052 33.4651
211.187 33.1891
211.323 32.9126
211.458 32.6356
211.593 32.3583
211.727 32.0804
211.862 31.8021
211.996 31.5234
212.129 31.2442
212.263 30.9645
212.396 30.6844
212.529 30.4039
212.662 30.1229
212.795 29.8415
212.927 29.5596
213.059 29.2773
213.191 28.9946
213.323 28.7114
213.454 28.4278
213.585 28.1437
213.716 27.8592
213.846 27.5743
213.977 27.289
214.107 27.0032
214.236 26.717
214.366 26.4303
214.495 26.1433
214.624 25.8558
214.753 25.5679
214.882 25.2796
215.01 24.9908
215.138 24.7017
215.266 24.4121
215.393 24.1221
215.52 23.8317
215.648 23.5408
215.774 23.2496
215.901 22.9579
216.027 22.6659
216.153 22.3734
216.279 22.0805
216.405 21.7873
216.53 21.4936
216.655 21.1995
216.78 20.905
216.904 20.6101
217.029 20.3148
217.153 20.0192
217.277 19.7231
217.4 19.4266
217.523 19.1297
217.647 18.8325
217.769 18.5348
217.892 18.2368
218.014 17.9384
218.137 17.6395
218.258 17.3403
218.38 17.0408
218.501 16.7408
218.623 16.4404
218.744 16.1397
218.864 15.8386
218.985 15.5371
219.105 15.2352
219.225 14.933
219.345 14.6304
219.464 14.3274
219.583 14.024
219.702 13.7203
219.821 13.4162
219.939 13.1117
220.058 12.8068
220.176 12.5016
220.294 12.1961
220.411 11.8901
220.528 11.5838
220.646 11.2772
220.762 10.9702
220.879 10.6628
220.995 10.355
221.112 10.047
221.227 9.73851
221.343 9.42971
221.459 9.12056
221.574 8.81106
221.689 8.5012
221.803 8.191
221.918 7.88045
222.032 7.56956
222.146 7.25832
222.26 6.94673
222.374 6.63481
222.487 6.32254
222.6 6.00993
222.713 5.69698
222.826 5.38369
222.938 5.07007
223.05 4.75611
223.162 4.44182
223.274 4.12719
223.385 3.81223
223.497 3.49694
223.608 3.18132
223.718 2.86537
223.829 2.54909
223.939 2.23248
224.049 1.91556
224.159 1.5983
224.269 1.28073
224.378 0.962827
224.488 0.644608
224.597 0.326069
224.705 0.00721197
224.814 -0.311963
